row col
293.50 0.00
293.50 1.00
293.50 2.00
293.50 3.00
293.50 4.00
293.50 5.00
293.50 6.00
293.50 7.00
293.50 8.00
293.50 9.00
293.50 10.00
293.50 11.00
293.50 12.00
293.50 13.00
293.50 14.00
293.50 15.00
293.50 16.00
293.50 17.00
293.50 18.00
293.50 19.00
293.50 20.00
293.50 21.00
293.50 22.00
293.50 23.00
293.50 24.00
293.50 25.00
293.50 26.00
293.50 27.00
293.50 28.00
293.50 29.00
293.50 30.00
293.50 31.00
293.50 32.00
293.50 33.00
293.50 34.00
293.50 35.00
293.50 36.00
293.50 37.00
293.50 38.00
293.50 39.00
293.50 40.00
293.50 41.00
293.50 42.00
293.50 43.00
293.50 44.00
293.50 45.00
293.50 46.00
293.50 47.00
293.50 48.00
293.50 49.00
293.50 50.00
293.50 51.00
293.50 52.00
293.50 53.00
293.50 54.00
293.50 55.00
293.50 56.00
294.00 56.50
294.50 57.00
294.50 58.00
294.50 59.00
295.00 59.50
295.50 60.00
295.50 61.00
295.50 62.00
296.00 62.50
296.50 63.00
296.50 64.00
296.50 65.00
297.00 65.50
297.50 66.00
297.50 67.00
297.50 68.00
298.00 68.50
298.50 69.00
298.50 70.00
298.50 71.00
299.00 71.50
299.50 72.00
299.50 73.00
299.50 74.00
300.00 74.50
300.50 75.00
300.50 76.00
301.00 76.50
301.50 77.00
301.50 78.00
302.00 78.50
302.50 79.00
302.50 80.00
303.00 80.50
303.50 81.00
303.50 82.00
303.50 83.00
304.00 83.50
304.50 84.00
304.50 85.00
305.00 85.50
305.50 86.00
306.00 86.50
306.50 87.00
306.50 88.00
307.00 88.50
307.50 89.00
307.50 90.00
308.00 90.50
308.50 91.00
308.50 92.00
309.00 92.50
309.50 93.00
310.00 93.50
310.50 94.00
310.50 95.00
311.00 95.50
311.50 96.00
312.00 96.50
312.50 97.00
313.00 97.50
313.50 98.00
313.50 99.00
314.00 99.50
314.50 100.00
315.00 100.50
315.50 101.00
316.00 101.50
316.50 102.00
317.00 102.50
317.50 103.00
317.50 104.00
318.00 104.50
318.50 105.00
319.00 105.50
319.50 106.00
320.00 106.50
320.50 107.00
321.00 107.50
321.50 108.00
322.00 108.50
322.50 109.00
323.00 109.50
323.50 110.00
324.00 110.50
324.50 111.00
325.00 111.50
325.50 112.00
326.00 112.50
326.50 113.00
326.50 114.00
327.00 114.50
327.50 115.00
328.00 115.50
328.50 116.00
329.00 116.50
329.50 117.00
329.50 118.00
330.00 118.50
330.50 119.00
331.00 119.50
331.50 120.00
331.50 121.00
332.00 121.50
332.50 122.00
333.00 122.50
333.50 123.00
333.50 124.00
334.00 124.50
334.50 125.00
334.50 126.00
335.00 126.50
335.50 127.00
335.50 128.00
336.00 128.50
336.50 129.00
336.50 130.00
337.00 130.50
337.50 131.00
337.50 132.00
338.00 132.50
338.50 133.00
338.50 134.00
339.00 134.50
339.50 135.00
339.50 136.00
340.00 136.50
340.50 137.00
340.50 138.00
341.00 138.50
341.50 139.00
341.50 140.00
341.50 141.00
342.00 141.50
342.50 142.00
342.50 143.00
343.00 143.50
343.50 144.00
343.50 145.00
343.50 146.00
344.00 146.50
344.50 147.00
344.50 148.00
344.50 149.00
345.00 149.50
345.50 150.00
345.50 151.00
345.50 152.00
346.00 152.50
346.50 153.00
346.50 154.00
346.50 155.00
347.00 155.50
347.50 156.00
347.50 157.00
347.50 158.00
348.00 158.50
348.50 159.00
348.50 160.00
348.50 161.00
348.50 162.00
349.00 162.50
349.50 163.00
349.50 164.00
349.50 165.00
349.00 165.50
348.50 166.00
348.50 167.00
348.50 168.00
348.00 168.50
347.50 169.00
347.50 170.00
347.50 171.00
347.00 171.50
346.50 172.00
346.50 173.00
346.50 174.00
346.00 174.50
345.50 175.00
345.50 176.00
345.50 177.00
345.00 177.50
344.50 178.00
344.50 179.00
344.00 179.50
343.50 180.00
343.50 181.00
343.50 182.00
343.00 182.50
342.50 183.00
342.50 184.00
342.00 184.50
341.50 185.00
341.50 186.00
341.00 186.50
340.50 187.00
340.50 188.00
340.50 189.00
340.00 189.50
339.50 190.00
339.50 191.00
339.00 191.50
338.50 192.00
338.00 192.50
337.50 193.00
337.50 194.00
337.00 194.50
336.50 195.00
336.50 196.00
336.00 196.50
335.50 197.00
335.50 198.00
335.00 198.50
334.50 199.00
334.00 199.50
333.50 200.00
333.50 201.00
333.00 201.50
332.50 202.00
332.00 202.50
331.50 203.00
331.00 203.50
330.50 204.00
330.50 205.00
330.00 205.50
329.50 206.00
329.00 206.50
328.50 207.00
328.00 207.50
327.50 208.00
327.00 208.50
326.50 209.00
326.50 210.00
326.00 210.50
325.50 211.00
325.00 211.50
324.50 212.00
324.00 212.50
323.00 212.50
322.50 213.00
322.00 213.50
321.00 213.50
320.00 213.50
319.00 213.50
318.00 213.50
317.00 213.50
316.00 213.50
315.00 213.50
314.00 213.50
313.00 213.50
312.00 213.50
311.00 213.50
310.00 213.50
309.00 213.50
308.00 213.50
307.00 213.50
306.00 213.50
305.00 213.50
304.00 213.50
303.00 213.50
302.00 213.50
301.00 213.50
300.00 213.50
299.00 213.50
298.00 213.50
297.00 213.50
296.00 213.50
295.00 213.50
294.00 213.50
293.00 213.50
292.00 213.50
291.00 213.50
290.00 213.50
289.00 213.50
288.00 213.50
287.00 213.50
286.00 213.50
285.00 213.50
284.00 213.50
283.00 213.50
282.00 213.50
281.00 213.50
280.00 213.50
279.00 213.50
278.00 213.50
277.00 213.50
276.00 213.50
275.00 213.50
274.00 213.50
273.00 213.50
272.00 213.50
271.00 213.50
270.00 213.50
269.00 213.50
268.00 213.50
267.00 213.50
266.00 213.50
265.00 213.50
264.00 213.50
263.50 214.00
263.00 214.50
262.50 215.00
262.00 215.50
261.00 215.50
260.50 216.00
260.00 216.50
259.50 217.00
259.00 217.50
258.50 218.00
258.00 218.50
257.50 219.00
257.50 220.00
257.00 220.50
256.50 221.00
256.00 221.50
255.50 222.00
255.00 222.50
254.50 223.00
254.00 223.50
253.50 224.00
253.00 224.50
252.50 225.00
252.50 226.00
252.00 226.50
251.50 227.00
251.00 227.50
250.50 228.00
250.00 228.50
249.50 229.00
249.50 230.00
249.00 230.50
248.50 231.00
248.00 231.50
247.50 232.00
247.50 233.00
247.00 233.50
246.50 234.00
246.50 235.00
246.00 235.50
245.50 236.00
245.00 236.50
244.50 237.00
244.50 238.00
244.00 238.50
243.50 239.00
243.50 240.00
243.00 240.50
242.50 241.00
242.50 242.00
242.00 242.50
241.50 243.00
241.50 244.00
241.50 245.00
241.00 245.50
240.50 246.00
240.50 247.00
240.00 247.50
239.50 248.00
239.50 249.00
239.00 249.50
238.50 250.00
238.50 251.00
238.50 252.00
238.00 252.50
237.50 253.00
237.50 254.00
237.50 255.00
237.00 255.50
236.50 256.00
236.50 257.00
236.50 258.00
236.00 258.50
235.50 259.00
235.50 260.00
235.50 261.00
235.00 261.50
234.50 262.00
234.50 263.00
234.50 264.00
234.00 264.50
233.50 265.00
233.50 266.00
233.50 267.00
233.50 268.00
233.00 268.50
232.50 269.00
232.50 270.00
232.50 271.00
232.50 272.00
232.00 272.50
231.50 273.00
231.50 274.00
232.00 274.50
232.50 275.00
232.50 276.00
232.50 277.00
232.50 278.00
233.00 278.50
233.50 279.00
233.50 280.00
233.50 281.00
233.50 282.00
234.00 282.50
234.50 283.00
234.50 284.00
234.50 285.00
235.00 285.50
235.50 286.00
235.50 287.00
235.50 288.00
236.00 288.50
236.50 289.00
236.50 290.00
236.50 291.00
237.00 291.50
237.50 292.00
237.50 293.00
237.50 294.00
238.00 294.50
238.50 295.00
238.50 296.00
238.50 297.00
239.00 297.50
239.50 298.00
239.50 299.00
240.00 299.50
240.50 300.00
240.50 301.00
240.50 302.00
241.00 302.50
241.50 303.00
241.50 304.00
242.00 304.50
242.50 305.00
242.50 306.00
243.00 306.50
243.50 307.00
243.50 308.00
244.00 308.50
244.50 309.00
244.50 310.00
245.00 310.50
245.50 311.00
245.50 312.00
246.00 312.50
246.50 313.00
247.00 313.50
247.50 314.00
247.50 315.00
248.00 315.50
248.50 316.00
248.50 317.00
249.00 317.50
249.50 318.00
250.00 318.50
250.50 319.00
251.00 319.50
251.50 320.00
251.50 321.00
252.00 321.50
252.50 322.00
253.00 322.50
253.50 323.00
254.00 323.50
254.50 324.00
254.50 325.00
255.00 325.50
255.50 326.00
256.00 326.50
256.50 327.00
257.00 327.50
257.50 328.00
258.00 328.50
258.50 329.00
259.00 329.50
259.50 330.00
260.00 330.50
260.50 331.00
261.00 331.50
261.50 332.00
262.00 332.50
262.50 333.00
263.00 333.50
263.50 334.00
264.00 334.50
264.50 335.00
265.00 335.50
265.50 336.00
266.00 336.50
266.50 337.00
267.00 337.50
267.50 338.00
268.00 338.50
268.50 339.00
269.00 339.50
269.50 340.00
269.50 341.00
270.00 341.50
270.50 342.00
271.00 342.50
271.50 343.00
272.00 343.50
272.50 344.00
272.50 345.00
273.00 345.50
273.50 346.00
274.00 346.50
274.50 347.00
274.50 348.00
275.00 348.50
275.50 349.00
276.00 349.50
276.50 350.00
276.50 351.00
277.00 351.50
277.50 352.00
277.50 353.00
278.00 353.50
278.50 354.00
279.00 354.50
279.50 355.00
279.50 356.00
280.00 356.50
280.50 357.00
280.50 358.00
281.00 358.50
281.50 359.00
281.50 360.00
282.00 360.50
282.50 361.00
282.50 362.00
282.50 363.00
283.00 363.50
283.50 364.00
283.50 365.00
284.00 365.50
284.50 366.00
284.50 367.00
285.00 367.50
285.50 368.00
285.50 369.00
285.50 370.00
286.00 370.50
286.50 371.00
286.50 372.00
286.50 373.00
287.00 373.50
287.50 374.00
287.50 375.00
287.50 376.00
288.00 376.50
288.50 377.00
288.50 378.00
288.50 379.00
289.00 379.50
289.50 380.00
289.50 381.00
289.50 382.00
290.00 382.50
290.50 383.00
290.50 384.00
290.50 385.00
290.50 386.00
291.00 386.50
291.50 387.00
291.50 388.00
291.50 389.00
292.00 389.50
292.50 390.00
292.50 391.00
292.50 392.00
292.50 393.00
293.00 393.50
293.50 394.00
293.50 395.00
293.50 396.00
294.00 396.50
294.50 397.00
294.50 398.00
294.50 399.00
295.00 399.50
295.50 400.00
295.50 401.00
295.50 402.00
296.00 402.50
296.50 403.00
296.50 404.00
296.50 405.00
297.00 405.50
297.50 406.00
297.50 407.00
298.00 407.50
298.50 408.00
298.50 409.00
298.50 410.00
299.00 410.50
299.50 411.00
299.50 412.00
300.00 412.50
300.50 413.00
300.50 414.00
301.00 414.50
301.50 415.00
301.50 416.00
302.00 416.50
302.50 417.00
302.50 418.00
303.00 418.50
303.50 419.00
303.50 420.00
304.00 420.50
304.50 421.00
305.00 421.50
305.50 422.00
305.50 423.00
306.00 423.50
306.50 424.00
306.50 425.00
307.00 425.50
307.50 426.00
308.00 426.50
308.50 427.00
308.50 428.00
309.00 428.50
309.50 429.00
310.00 429.50
310.50 430.00
311.00 430.50
311.50 431.00
311.50 432.00
312.00 432.50
312.50 433.00
313.00 433.50
313.50 434.00
314.00 434.50
314.50 435.00
315.00 435.50
315.50 436.00
316.00 436.50
316.50 437.00
317.00 437.50
317.50 438.00
318.00 438.50
318.50 439.00
319.00 439.50
319.50 440.00
320.00 440.50
320.50 441.00
321.00 441.50
321.50 442.00
322.00 442.50
322.50 443.00
323.00 443.50
323.50 444.00
324.00 444.50
324.50 445.00
325.00 445.50
325.50 446.00
326.00 446.50
326.50 447.00
327.00 447.50
327.50 448.00
328.00 448.50
328.50 449.00
328.50 450.00
329.00 450.50
329.50 451.00
330.00 451.50
330.50 452.00
331.00 452.50
331.50 453.00
331.50 454.00
332.00 454.50
332.50 455.00
333.00 455.50
333.50 456.00
333.50 457.00
334.00 457.50
334.50 458.00
335.00 458.50
335.50 459.00
335.50 460.00
336.00 460.50
336.50 461.00
336.50 462.00
337.00 462.50
337.50 463.00
337.50 464.00
338.00 464.50
338.50 465.00
339.00 465.50
339.50 466.00
339.50 467.00
340.00 467.50
340.50 468.00
340.50 469.00
340.50 470.00
341.00 470.50
341.50 471.00
341.50 472.00
342.00 472.50
342.50 473.00
342.50 474.00
343.00 474.50
343.50 475.00
343.50 476.00
343.50 477.00
344.00 477.50
344.50 478.00
344.50 479.00
345.00 479.50
345.50 480.00
345.50 481.00
345.50 482.00
346.00 482.50
346.50 483.00
346.50 484.00
346.50 485.00
347.00 485.50
347.50 486.00
347.50 487.00
347.50 488.00
348.00 488.50
348.50 489.00
348.50 490.00
348.50 491.00
349.00 491.50
349.50 492.00
349.50 493.00
349.50 494.00
349.50 495.00
349.50 496.00
349.50 497.00
349.50 498.00
349.50 499.00
349.50 500.00
349.50 501.00
349.50 502.00
349.00 502.50
348.50 503.00
348.50 504.00
348.50 505.00
348.50 506.00
348.50 507.00
348.50 508.00
348.50 509.00
348.50 510.00
348.50 511.00
348.50 512.00
348.50 513.00
348.50 514.00
348.50 515.00
348.50 516.00
348.50 517.00
348.50 518.00
348.50 519.00
348.50 520.00
348.50 521.00
348.50 522.00
348.50 523.00
348.50 524.00
348.50 525.00
348.50 526.00
348.50 527.00
348.50 528.00
348.50 529.00
348.50 530.00
348.00 530.50
347.50 531.00
347.50 532.00
347.50 533.00
347.50 534.00
347.50 535.00
347.50 536.00
347.50 537.00
347.50 538.00
347.50 539.00
347.50 540.00
347.50 541.00
347.50 542.00
347.50 543.00
347.50 544.00
347.50 545.00
347.50 546.00
347.50 547.00
347.50 548.00
347.50 549.00
347.50 550.00
347.50 551.00
347.50 552.00
347.50 553.00
347.50 554.00
347.50 555.00
347.50 556.00
347.50 557.00
347.00 557.50
346.50 558.00
346.50 559.00
346.50 560.00
346.50 561.00
346.50 562.00
346.50 563.00
346.50 564.00
346.50 565.00
346.50 566.00
346.50 567.00
346.50 568.00
346.50 569.00
346.50 570.00
346.50 571.00
346.50 572.00
346.50 573.00
346.50 574.00
346.50 575.00
346.50 576.00
346.50 577.00
346.50 578.00
346.50 579.00
346.50 580.00
346.50 581.00
346.50 582.00
346.00 582.50
345.50 583.00
345.50 584.00
345.50 585.00
345.50 586.00
345.50 587.00
345.50 588.00
345.50 589.00
345.50 590.00
345.50 591.00
345.50 592.00
345.50 593.00
345.50 594.00
345.50 595.00
345.50 596.00
345.50 597.00
345.50 598.00
345.50 599.00
345.50 600.00
345.50 601.00
345.50 602.00
345.50 603.00
345.50 604.00
345.50 605.00
346.00 605.50
346.50 606.00
346.50 607.00
346.50 608.00
347.00 608.50
347.50 609.00
347.50 610.00
347.50 611.00
348.00 611.50
348.50 612.00
348.50 613.00
348.50 614.00
349.00 614.50
349.50 615.00
349.50 616.00
349.50 617.00
350.00 617.50
350.50 618.00
350.50 619.00
351.00 619.50
351.50 620.00
351.50 621.00
351.50 622.00
352.00 622.50
352.50 623.00
352.50 624.00
353.00 624.50
353.50 625.00
353.50 626.00
353.50 627.00
354.00 627.50
354.50 628.00
354.50 629.00
355.00 629.50
355.50 630.00
355.50 631.00
356.00 631.50
356.50 632.00
356.50 633.00
357.00 633.50
357.50 634.00
357.50 635.00
358.00 635.50
358.50 636.00
359.00 636.50
359.50 637.00
359.50 638.00
360.00 638.50
360.50 639.00
360.50 640.00
361.00 640.50
361.50 641.00
362.00 641.50
362.50 642.00
362.50 643.00
363.00 643.50
363.50 644.00
364.00 644.50
364.50 645.00
365.00 645.50
365.50 646.00
365.50 647.00
366.00 647.50
366.50 648.00
367.00 648.50
367.50 649.00
368.00 649.50
368.50 650.00
369.00 650.50
369.50 651.00
370.00 651.50
370.50 652.00
371.00 652.50
371.50 653.00
372.00 653.50
372.50 654.00
373.00 654.50
373.50 655.00
374.00 655.50
374.50 656.00
375.00 656.50
375.50 657.00
376.00 657.50
376.50 658.00
377.00 658.50
377.50 659.00
378.00 659.50
378.50 660.00
379.00 660.50
379.50 661.00
380.00 661.50
381.00 661.50
382.00 661.50
383.00 661.50
383.50 661.00
384.00 660.50
384.50 660.00
385.00 659.50
385.50 659.00
386.00 658.50
386.50 658.00
387.00 657.50
387.50 657.00
388.00 656.50
388.50 656.00
389.00 655.50
389.50 655.00
390.00 654.50
390.50 654.00
391.00 653.50
391.50 653.00
391.50 652.00
392.00 651.50
392.50 651.00
393.00 650.50
393.50 650.00
394.00 649.50
394.50 649.00
395.00 648.50
395.50 648.00
395.50 647.00
396.00 646.50
396.50 646.00
397.00 645.50
397.50 645.00
397.50 644.00
398.00 643.50
398.50 643.00
399.00 642.50
399.50 642.00
399.50 641.00
400.00 640.50
400.50 640.00
400.50 639.00
401.00 638.50
401.50 638.00
401.50 637.00
402.00 636.50
402.50 636.00
402.50 635.00
403.00 634.50
403.50 634.00
403.50 633.00
404.00 632.50
404.50 632.00
404.50 631.00
405.00 630.50
405.50 630.00
405.50 629.00
406.00 628.50
406.50 628.00
406.50 627.00
406.50 626.00
407.00 625.50
407.50 625.00
407.50 624.00
408.00 623.50
408.50 623.00
408.50 622.00
408.50 621.00
409.00 620.50
409.50 620.00
409.50 619.00
409.50 618.00
410.00 617.50
410.50 617.00
410.50 616.00
410.50 615.00
411.00 614.50
411.50 614.00
411.50 613.00
411.50 612.00
412.00 611.50
412.50 611.00
412.50 610.00
412.50 609.00
412.50 608.00
413.00 607.50
413.50 607.00
413.50 606.00
413.50 605.00
414.00 604.50
414.50 604.00
414.50 603.00
414.50 602.00
414.50 601.00
415.00 600.50
415.50 600.00
415.50 599.00
415.50 598.00
416.00 597.50
416.50 597.00
416.50 596.00
416.50 595.00
417.00 594.50
417.50 594.00
417.50 593.00
417.50 592.00
418.00 591.50
418.50 591.00
418.50 590.00
418.50 589.00
419.00 588.50
419.50 588.00
419.50 587.00
420.00 586.50
420.50 586.00
420.50 585.00
421.00 584.50
421.50 584.00
421.50 583.00
421.50 582.00
422.00 581.50
422.50 581.00
422.50 580.00
423.00 579.50
423.50 579.00
423.50 578.00
424.00 577.50
424.50 577.00
424.50 576.00
425.00 575.50
425.50 575.00
425.50 574.00
426.00 573.50
426.50 573.00
426.50 572.00
427.00 571.50
427.50 571.00
428.00 570.50
428.50 570.00
428.50 569.00
429.00 568.50
429.50 568.00
430.00 567.50
430.50 567.00
430.50 566.00
431.00 565.50
431.50 565.00
432.00 564.50
432.50 564.00
432.50 563.00
433.00 562.50
433.50 562.00
434.00 561.50
434.50 561.00
435.00 560.50
435.50 560.00
435.50 559.00
436.00 558.50
436.50 558.00
437.00 557.50
437.50 557.00
438.00 556.50
438.50 556.00
439.00 555.50
439.50 555.00
440.00 554.50
441.00 554.50
441.50 555.00
442.00 555.50
442.50 556.00
443.00 556.50
443.50 557.00
444.00 557.50
444.50 558.00
444.50 559.00
445.00 559.50
445.50 560.00
446.00 560.50
446.50 561.00
447.00 561.50
447.50 562.00
448.00 562.50
448.50 563.00
448.50 564.00
449.00 564.50
449.50 565.00
450.00 565.50
450.50 566.00
450.50 567.00
451.00 567.50
451.50 568.00
452.00 568.50
452.50 569.00
452.50 570.00
453.00 570.50
453.50 571.00
453.50 572.00
454.00 572.50
454.50 573.00
454.50 574.00
455.00 574.50
455.50 575.00
455.50 576.00
456.00 576.50
456.50 577.00
456.50 578.00
457.00 578.50
457.50 579.00
457.50 580.00
458.00 580.50
458.50 581.00
458.50 582.00
459.00 582.50
459.50 583.00
459.50 584.00
460.00 584.50
460.50 585.00
460.50 586.00
461.00 586.50
461.50 587.00
461.50 588.00
461.50 589.00
462.00 589.50
462.50 590.00
462.50 591.00
462.50 592.00
463.00 592.50
463.50 593.00
463.50 594.00
463.50 595.00
464.00 595.50
464.50 596.00
464.50 597.00
464.50 598.00
465.00 598.50
465.50 599.00
465.50 600.00
465.50 601.00
466.00 601.50
466.50 602.00
466.50 603.00
466.50 604.00
466.50 605.00
466.50 606.00
466.50 607.00
466.50 608.00
466.50 609.00
466.50 610.00
466.50 611.00
466.50 612.00
466.50 613.00
466.50 614.00
466.50 615.00
466.50 616.00
466.50 617.00
466.50 618.00
466.50 619.00
466.50 620.00
466.50 621.00
466.50 622.00
466.50 623.00
466.50 624.00
466.50 625.00
466.50 626.00
466.50 627.00
466.50 628.00
466.50 629.00
466.50 630.00
466.50 631.00
466.50 632.00
466.50 633.00
466.50 634.00
466.50 635.00
466.50 636.00
466.50 637.00
466.50 638.00
466.50 639.00
466.50 640.00
466.50 641.00
466.50 642.00
466.50 643.00
466.50 644.00
466.50 645.00
466.50 646.00
466.50 647.00
466.50 648.00
466.50 649.00
466.50 650.00
466.50 651.00
466.50 652.00
466.50 653.00
466.50 654.00
466.50 655.00
466.50 656.00
466.50 657.00
466.50 658.00
466.50 659.00
466.50 660.00
466.50 661.00
466.50 662.00
466.50 663.00
466.50 664.00
466.50 665.00
466.50 666.00
466.50 667.00
466.50 668.00
466.50 669.00
466.50 670.00
466.50 671.00
466.50 672.00
466.50 673.00
466.50 674.00
466.50 675.00
466.50 676.00
466.50 677.00
466.50 678.00
466.50 679.00
466.50 680.00
466.50 681.00
466.50 682.00
466.50 683.00
466.50 684.00
466.50 685.00
466.50 686.00
466.50 687.00
466.50 688.00
466.50 689.00
466.50 690.00
466.50 691.00
466.50 692.00
466.50 693.00
466.50 694.00
466.50 695.00
466.50 696.00
466.50 697.00
466.50 698.00
466.50 699.00
466.50 700.00
466.50 701.00
466.50 702.00
466.50 703.00
466.50 704.00
466.50 705.00
466.50 706.00
466.50 707.00
466.50 708.00
466.50 709.00
466.50 710.00
466.50 711.00
466.50 712.00
466.50 713.00
466.50 714.00
466.00 714.50
465.50 715.00
465.50 716.00
465.50 717.00
465.00 717.50
464.50 718.00
464.50 719.00
464.50 720.00
464.00 720.50
463.50 721.00
463.50 722.00
463.50 723.00
463.00 723.50
462.50 724.00
462.50 725.00
462.50 726.00
462.00 726.50
461.50 727.00
461.50 728.00
461.00 728.50
460.50 729.00
460.50 730.00
460.50 731.00
460.00 731.50
459.50 732.00
459.50 733.00
459.00 733.50
458.50 734.00
458.50 735.00
458.00 735.50
457.50 736.00
457.50 737.00
457.00 737.50
456.50 738.00
456.50 739.00
456.00 739.50
455.50 740.00
455.50 741.00
455.00 741.50
454.50 742.00
454.50 743.00
454.00 743.50
453.50 744.00
453.00 744.50
452.50 745.00
452.50 746.00
452.00 746.50
451.50 747.00
451.00 747.50
450.50 748.00
450.50 749.00
450.00 749.50
449.50 750.00
449.00 750.50
448.50 751.00
448.50 752.00
448.00 752.50
447.50 753.00
447.00 753.50
446.50 754.00
446.00 754.50
445.50 755.00
445.50 756.00
445.00 756.50
444.50 757.00
444.00 757.50
443.50 758.00
443.00 758.50
442.50 759.00
442.00 759.50
441.50 760.00
441.00 760.50
440.00 760.50
439.50 761.00
439.00 761.50
438.00 761.50
437.00 761.50
436.00 761.50
435.00 761.50
434.00 761.50
433.00 761.50
432.00 761.50
431.00 761.50
430.00 761.50
429.00 761.50
428.00 761.50
427.00 761.50
426.00 761.50
425.00 761.50
424.00 761.50
423.00 761.50
422.00 761.50
421.00 761.50
420.00 761.50
419.00 761.50
418.00 761.50
417.00 761.50
416.00 761.50
415.00 761.50
414.00 761.50
413.00 761.50
412.00 761.50
411.00 761.50
410.00 761.50
409.00 761.50
408.00 761.50
407.00 761.50
406.00 761.50
405.00 761.50
404.00 761.50
403.00 761.50
402.00 761.50
401.00 761.50
400.00 761.50
399.00 761.50
398.00 761.50
397.00 761.50
396.00 761.50
395.00 761.50
394.00 761.50
393.00 761.50
392.00 761.50
391.00 761.50
390.00 761.50
389.00 761.50
388.00 761.50
387.00 761.50
386.00 761.50
385.00 761.50
384.00 761.50
383.00 761.50
382.00 761.50
381.00 761.50
380.00 761.50
379.00 761.50
378.00 761.50
377.00 761.50
376.00 761.50
375.00 761.50
374.00 761.50
373.00 761.50
372.00 761.50
371.00 761.50
370.00 761.50
369.00 761.50
368.00 761.50
367.00 761.50
366.00 761.50
365.00 761.50
364.00 761.50
363.00 761.50
362.00 761.50
361.00 761.50
360.00 761.50
359.00 761.50
358.00 761.50
357.00 761.50
356.00 761.50
355.00 761.50
354.00 761.50
353.00 761.50
352.00 761.50
351.00 761.50
350.00 761.50
349.00 761.50
348.00 761.50
347.00 761.50
346.00 761.50
345.00 761.50
344.00 761.50
343.00 761.50
342.00 761.50
341.00 761.50
340.00 761.50
339.00 761.50
338.00 761.50
337.00 761.50
336.00 761.50
335.00 761.50
334.00 761.50
333.00 761.50
332.00 761.50
331.00 761.50
330.00 761.50
329.00 761.50
328.00 761.50
327.00 761.50
326.00 761.50
325.00 761.50
324.00 761.50
323.00 761.50
322.00 761.50
321.00 761.50
320.00 761.50
319.00 761.50
318.00 761.50
317.00 761.50
316.00 761.50
315.00 761.50
314.00 761.50
313.00 761.50
312.00 761.50
311.00 761.50
310.00 761.50
309.00 761.50
308.00 761.50
307.00 761.50
306.00 761.50
305.00 761.50
304.00 761.50
303.00 761.50
302.00 761.50
301.00 761.50
300.00 761.50
299.00 761.50
298.00 761.50
297.00 761.50
296.00 761.50
295.00 761.50
294.00 761.50
293.00 761.50
292.00 761.50
291.00 761.50
290.00 761.50
289.00 761.50
288.00 761.50
287.00 761.50
286.00 761.50
285.00 761.50
284.00 761.50
283.00 761.50
282.00 761.50
281.00 761.50
280.00 761.50
279.00 761.50
278.00 761.50
277.00 761.50
276.00 761.50
275.00 761.50
274.00 761.50
273.00 761.50
272.00 761.50
271.00 761.50
270.00 761.50
269.00 761.50
268.00 761.50
267.00 761.50
266.00 761.50
265.00 761.50
264.00 761.50
263.00 761.50
262.00 761.50
261.00 761.50
260.00 761.50
259.00 761.50
258.00 761.50
257.00 761.50
256.00 761.50
255.00 761.50
254.00 761.50
253.00 761.50
252.00 761.50
251.00 761.50
250.00 761.50
249.00 761.50
248.00 761.50
247.00 761.50
246.00 761.50
245.00 761.50
244.00 761.50
243.00 761.50
242.00 761.50
241.00 761.50
240.00 761.50
239.00 761.50
238.00 761.50
237.00 761.50
236.00 761.50
235.00 761.50
234.00 761.50
233.00 761.50
232.00 761.50
231.00 761.50
230.00 761.50
229.00 761.50
228.00 761.50
227.00 761.50
226.00 761.50
225.00 761.50
224.00 761.50
223.00 761.50
222.00 761.50
221.00 761.50
220.00 761.50
219.00 761.50
218.00 761.50
217.00 761.50
216.00 761.50
215.00 761.50
214.00 761.50
213.00 761.50
212.00 761.50
211.00 761.50
210.00 761.50
209.00 761.50
208.00 761.50
207.00 761.50
206.00 761.50
205.00 761.50
204.00 761.50
203.00 761.50
202.00 761.50
201.00 761.50
200.00 761.50
199.00 761.50
198.00 761.50
197.00 761.50
196.00 761.50
195.00 761.50
194.00 761.50
193.00 761.50
192.00 761.50
191.00 761.50
190.00 761.50
189.00 761.50
188.00 761.50
187.00 761.50
186.00 761.50
185.00 761.50
184.00 761.50
183.00 761.50
182.00 761.50
181.00 761.50
180.00 761.50
179.00 761.50
178.00 761.50
177.00 761.50
176.00 761.50
175.00 761.50
174.00 761.50
173.00 761.50
172.00 761.50
171.00 761.50
170.00 761.50
169.00 761.50
168.00 761.50
167.00 761.50
166.00 761.50
165.00 761.50
164.00 761.50
163.00 761.50
162.00 761.50
161.00 761.50
160.00 761.50
159.00 761.50
158.00 761.50
157.00 761.50
156.00 761.50
155.00 761.50
154.00 761.50
153.00 761.50
152.00 761.50
151.00 761.50
150.00 761.50
149.00 761.50
148.00 761.50
147.00 761.50
146.00 761.50
145.50 762.00
145.00 762.50
144.50 763.00
144.00 763.50
143.50 764.00
143.00 764.50
142.50 765.00
142.00 765.50
141.50 766.00
141.00 766.50
140.50 767.00
140.00 767.50
139.50 768.00
139.00 768.50
138.50 769.00
138.00 769.50
137.50 770.00
137.00 770.50
136.50 771.00
136.00 771.50
135.50 772.00
135.50 773.00
135.00 773.50
134.50 774.00
134.00 774.50
133.50 775.00
133.00 775.50
132.50 776.00
132.50 777.00
132.00 777.50
131.50 778.00
131.00 778.50
130.50 779.00
130.50 780.00
130.00 780.50
129.50 781.00
129.50 782.00
129.00 782.50
128.50 783.00
128.00 783.50
127.50 784.00
127.50 785.00
127.00 785.50
126.50 786.00
126.50 787.00
126.00 787.50
125.50 788.00
125.50 789.00
125.00 789.50
124.50 790.00
124.50 791.00
124.00 791.50
123.50 792.00
123.50 793.00
123.50 794.00
123.00 794.50
122.50 795.00
122.50 796.00
122.00 796.50
121.50 797.00
121.50 798.00
121.50 799.00
121.00 799.50
120.50 800.00
120.50 801.00
120.00 801.50
119.50 802.00
119.50 803.00
119.50 804.00
119.00 804.50
118.50 805.00
118.50 806.00
118.50 807.00
118.00 807.50
117.50 808.00
117.50 809.00
117.50 810.00
117.00 810.50
116.50 811.00
116.50 812.00
116.50 813.00
116.50 814.00
116.00 814.50
115.50 815.00
115.50 816.00
115.50 817.00
115.50 818.00
115.00 818.50
114.50 819.00
114.50 820.00
114.50 821.00
114.50 822.00
114.50 823.00
114.50 824.00
114.50 825.00
114.50 826.00
114.50 827.00
114.50 828.00
114.50 829.00
114.50 830.00
114.50 831.00
114.50 832.00
114.50 833.00
114.50 834.00
114.50 835.00
114.50 836.00
114.50 837.00
114.50 838.00
114.50 839.00
114.50 840.00
114.50 841.00
114.50 842.00
114.50 843.00
114.50 844.00
114.50 845.00
114.50 846.00
114.50 847.00
114.50 848.00
114.50 849.00
114.50 850.00
114.50 851.00
114.50 852.00
114.50 853.00
114.50 854.00
114.50 855.00
114.50 856.00
114.50 857.00
114.50 858.00
114.50 859.00
114.50 860.00
114.50 861.00
114.50 862.00
114.50 863.00
114.50 864.00
114.50 865.00
114.50 866.00
114.50 867.00
114.50 868.00
114.50 869.00
114.50 870.00
114.50 871.00
114.50 872.00
114.50 873.00
114.50 874.00
114.50 875.00
114.50 876.00
114.50 877.00
114.50 878.00
114.50 879.00
114.50 880.00
114.50 881.00
114.50 882.00
114.50 883.00
114.50 884.00
114.50 885.00
114.50 886.00
114.50 887.00
114.50 888.00
114.50 889.00
114.50 890.00
114.50 891.00
114.50 892.00
114.50 893.00
114.50 894.00
114.50 895.00
114.50 896.00
114.50 897.00
114.50 898.00
114.50 899.00
114.50 900.00
114.50 901.00
114.50 902.00
114.50 903.00
114.50 904.00
114.50 905.00
114.50 906.00
114.50 907.00
114.50 908.00
114.50 909.00
114.50 910.00
114.50 911.00
114.50 912.00
114.50 913.00
114.50 914.00
114.50 915.00
114.50 916.00
114.50 917.00
114.50 918.00
114.50 919.00
114.50 920.00
114.50 921.00
114.50 922.00
114.50 923.00
114.50 924.00
114.50 925.00
114.50 926.00
114.50 927.00
114.50 928.00
114.50 929.00
114.50 930.00
114.50 931.00
114.50 932.00
114.50 933.00
114.50 934.00
115.00 934.50
115.50 935.00
115.50 936.00
115.50 937.00
116.00 937.50
116.50 938.00
116.50 939.00
116.50 940.00
116.50 941.00
117.00 941.50
117.50 942.00
117.50 943.00
117.50 944.00
118.00 944.50
118.50 945.00
118.50 946.00
118.50 947.00
119.00 947.50
119.50 948.00
119.50 949.00
119.50 950.00
120.00 950.50
120.50 951.00
120.50 952.00
120.50 953.00
121.00 953.50
121.50 954.00
121.50 955.00
122.00 955.50
122.50 956.00
122.50 957.00
122.50 958.00
123.00 958.50
123.50 959.00
123.50 960.00
124.00 960.50
124.50 961.00
124.50 962.00
125.00 962.50
125.50 963.00
125.50 964.00
126.00 964.50
126.50 965.00
126.50 966.00
127.00 966.50
127.50 967.00
127.50 968.00
128.00 968.50
128.50 969.00
128.50 970.00
129.00 970.50
129.50 971.00
130.00 971.50
130.50 972.00
130.50 973.00
131.00 973.50
131.50 974.00
132.00 974.50
132.50 975.00
132.50 976.00
133.00 976.50
133.50 977.00
134.00 977.50
134.50 978.00
134.50 979.00
135.00 979.50
135.50 980.00
136.00 980.50
136.50 981.00
137.00 981.50
137.50 982.00
138.00 982.50
138.50 983.00
139.00 983.50
139.50 984.00
140.00 984.50
140.50 985.00
141.00 985.50
141.50 986.00
142.00 986.50
142.50 987.00
143.00 987.50
143.50 988.00
144.00 988.50
144.50 989.00
145.00 989.50
145.50 990.00
146.00 990.50
147.00 990.50
147.50 990.00
148.00 989.50
148.50 989.00
149.00 988.50
149.50 988.00
150.00 987.50
150.50 987.00
151.00 986.50
151.50 986.00
152.00 985.50
152.50 985.00
153.00 984.50
153.50 984.00
154.00 983.50
154.50 983.00
155.00 982.50
155.50 982.00
156.00 981.50
156.50 981.00
157.00 980.50
157.50 980.00
158.00 979.50
158.50 979.00
159.00 978.50
159.50 978.00
159.50 977.00
160.00 976.50
160.50 976.00
161.00 975.50
161.50 975.00
161.50 974.00
162.00 973.50
162.50 973.00
163.00 972.50
163.50 972.00
163.50 971.00
164.00 970.50
164.50 970.00
165.00 969.50
165.50 969.00
165.50 968.00
166.00 967.50
166.50 967.00
166.50 966.00
167.00 965.50
167.50 965.00
167.50 964.00
168.00 963.50
168.50 963.00
168.50 962.00
169.00 961.50
169.50 961.00
169.50 960.00
170.00 959.50
170.50 959.00
170.50 958.00
171.00 957.50
171.50 957.00
171.50 956.00
171.50 955.00
172.00 954.50
172.50 954.00
172.50 953.00
173.00 952.50
173.50 952.00
173.50 951.00
173.50 950.00
174.00 949.50
174.50 949.00
174.50 948.00
174.50 947.00
175.00 946.50
175.50 946.00
175.50 945.00
175.50 944.00
176.00 943.50
176.50 943.00
176.50 942.00
176.50 941.00
177.00 940.50
177.50 940.00
177.50 939.00
177.50 938.00
177.50 937.00
178.00 936.50
178.50 936.00
178.50 935.00
178.50 934.00
179.00 933.50
179.50 933.00
179.50 932.00
179.50 931.00
179.50 930.00
180.00 929.50
180.50 929.00
180.50 928.00
180.50 927.00
181.00 926.50
181.50 926.00
181.50 925.00
181.50 924.00
182.00 923.50
182.50 923.00
182.50 922.00
182.50 921.00
183.00 920.50
183.50 920.00
183.50 919.00
183.50 918.00
184.00 917.50
184.50 917.00
184.50 916.00
185.00 915.50
185.50 915.00
185.50 914.00
186.00 913.50
186.50 913.00
186.50 912.00
186.50 911.00
187.00 910.50
187.50 910.00
187.50 909.00
188.00 908.50
188.50 908.00
188.50 907.00
189.00 906.50
189.50 906.00
189.50 905.00
190.00 904.50
190.50 904.00
190.50 903.00
191.00 902.50
191.50 902.00
191.50 901.00
192.00 900.50
192.50 900.00
193.00 899.50
193.50 899.00
193.50 898.00
194.00 897.50
194.50 897.00
195.00 896.50
195.50 896.00
195.50 895.00
196.00 894.50
196.50 894.00
197.00 893.50
197.50 893.00
197.50 892.00
198.00 891.50
198.50 891.00
199.00 890.50
199.50 890.00
200.00 889.50
200.50 889.00
200.50 888.00
201.00 887.50
201.50 887.00
202.00 886.50
202.50 886.00
203.00 885.50
203.50 885.00
204.00 884.50
204.50 884.00
205.00 883.50
205.50 884.00
206.00 884.50
206.50 885.00
207.00 885.50
207.50 886.00
208.00 886.50
208.50 887.00
209.00 887.50
209.50 888.00
210.00 888.50
210.50 889.00
211.00 889.50
211.50 890.00
211.50 891.00
212.00 891.50
212.50 892.00
213.00 892.50
213.50 893.00
214.00 893.50
214.50 894.00
214.50 895.00
215.00 895.50
215.50 896.00
216.00 896.50
216.50 897.00
216.50 898.00
217.00 898.50
217.50 899.00
217.50 900.00
218.00 900.50
218.50 901.00
219.00 901.50
219.50 902.00
219.50 903.00
220.00 903.50
220.50 904.00
220.50 905.00
221.00 905.50
221.50 906.00
221.50 907.00
222.00 907.50
222.50 908.00
222.50 909.00
223.00 909.50
223.50 910.00
223.50 911.00
224.00 911.50
224.50 912.00
224.50 913.00
224.50 914.00
225.00 914.50
225.50 915.00
225.50 916.00
226.00 916.50
226.50 917.00
226.50 918.00
226.50 919.00
227.00 919.50
227.50 920.00
227.50 921.00
227.50 922.00
228.00 922.50
228.50 923.00
228.50 924.00
229.00 924.50
229.50 925.00
229.50 926.00
229.50 927.00
230.00 927.50
230.50 928.00
230.50 929.00
230.50 930.00
230.50 931.00
231.00 931.50
231.50 932.00
231.50 933.00
231.50 934.00
231.50 935.00
232.00 935.50
232.50 936.00
232.50 937.00
232.50 938.00
233.00 938.50
233.50 939.00
233.50 940.00
233.50 941.00
233.50 942.00
234.00 942.50
234.50 943.00
234.50 944.00
234.50 945.00
235.00 945.50
235.50 946.00
235.50 947.00
235.50 948.00
236.00 948.50
236.50 949.00
236.50 950.00
237.00 950.50
237.50 951.00
237.50 952.00
237.50 953.00
238.00 953.50
238.50 954.00
238.50 955.00
239.00 955.50
239.50 956.00
239.50 957.00
239.50 958.00
240.00 958.50
240.50 959.00
240.50 960.00
241.00 960.50
241.50 961.00
241.50 962.00
242.00 962.50
242.50 963.00
242.50 964.00
243.00 964.50
243.50 965.00
243.50 966.00
244.00 966.50
244.50 967.00
244.50 968.00
245.00 968.50
245.50 969.00
246.00 969.50
246.50 970.00
246.50 971.00
247.00 971.50
247.50 972.00
247.50 973.00
248.00 973.50
248.50 974.00
249.00 974.50
249.50 975.00
249.50 976.00
250.00 976.50
250.50 977.00
251.00 977.50
251.50 978.00
252.00 978.50
252.50 979.00
253.00 979.50
253.50 980.00
253.50 981.00
254.00 981.50
254.50 982.00
255.00 982.50
255.50 983.00
256.00 983.50
256.50 984.00
257.00 984.50
257.50 985.00
258.00 985.50
258.50 986.00
259.00 986.50
259.50 987.00
260.00 987.50
260.50 988.00
261.00 988.50
261.50 989.00
262.00 989.50
262.50 990.00
263.00 990.50
264.00 990.50
264.50 991.00
265.00 991.50
266.00 991.50
267.00 991.50
268.00 991.50
268.50 992.00
269.00 992.50
270.00 992.50
271.00 992.50
272.00 992.50
272.50 993.00
273.00 993.50
274.00 993.50
274.50 994.00
275.00 994.50
276.00 994.50
276.50 995.00
277.00 995.50
278.00 995.50
278.50 996.00
279.00 996.50
279.50 997.00
280.00 997.50
280.50 998.00
281.00 998.50
281.50 999.00
282.00 999.50
282.50 1000.00
283.00 1000.50
283.50 1001.00
283.50 1002.00
284.00 1002.50
284.50 1003.00
284.50 1004.00
285.00 1004.50
285.50 1005.00
285.50 1006.00
286.00 1006.50
286.50 1007.00
286.50 1008.00
286.50 1009.00
286.50 1010.00
287.00 1010.50
287.50 1011.00
287.50 1012.00
287.50 1013.00
287.50 1014.00
288.00 1014.50
288.50 1015.00
288.50 1016.00
288.50 1017.00
288.50 1018.00
288.50 1019.00
288.50 1020.00
288.50 1021.00
289.00 1021.50
289.50 1022.00
289.50 1023.00
289.50 1024.00
289.50 1025.00
289.50 1026.00
289.50 1027.00
289.50 1028.00
289.50 1029.00
289.50 1030.00
289.50 1031.00
290.00 1031.50
290.50 1032.00
290.50 1033.00
290.50 1034.00
290.50 1035.00
290.50 1036.00
290.50 1037.00
290.50 1038.00
290.50 1039.00
290.50 1040.00
290.50 1041.00
290.50 1042.00
291.00 1042.50
291.50 1043.00
291.50 1044.00
291.50 1045.00
291.50 1046.00
292.00 1046.50
292.50 1047.00
292.50 1048.00
292.50 1049.00
293.00 1049.50
293.50 1050.00
293.50 1051.00
293.50 1052.00
293.50 1053.00
294.00 1053.50
294.50 1054.00
294.50 1055.00
294.50 1056.00
295.00 1056.50
295.50 1057.00
295.50 1058.00
295.50 1059.00
296.00 1059.50
296.50 1060.00
296.50 1061.00
297.00 1061.50
297.50 1062.00
297.50 1063.00
297.50 1064.00
298.00 1064.50
298.50 1065.00
298.50 1066.00
299.00 1066.50
299.50 1067.00
299.50 1068.00
299.50 1069.00
300.00 1069.50
300.50 1070.00
300.50 1071.00
301.00 1071.50
301.50 1072.00
301.50 1073.00
302.00 1073.50
302.50 1074.00
302.50 1075.00
303.00 1075.50
303.50 1076.00
303.50 1077.00
304.00 1077.50
304.50 1078.00
304.50 1079.00
305.00 1079.50
305.50 1080.00
306.00 1080.50
306.50 1081.00
306.50 1082.00
307.00 1082.50
307.50 1083.00
308.00 1083.50
308.50 1084.00
308.50 1085.00
309.00 1085.50
309.50 1086.00
310.00 1086.50
310.50 1087.00
310.50 1088.00
311.00 1088.50
311.50 1089.00
312.00 1089.50
312.50 1090.00
313.00 1090.50
313.50 1091.00
314.00 1091.50
314.50 1092.00
315.00 1092.50
315.50 1093.00
315.50 1094.00
316.00 1094.50
316.50 1095.00
317.00 1095.50
317.50 1096.00
318.00 1096.50
318.50 1097.00
319.00 1097.50
319.50 1098.00
320.00 1098.50
321.00 1098.50
321.50 1099.00
322.00 1099.50
322.50 1100.00
323.00 1100.50
324.00 1100.50
324.50 1100.00
325.00 1099.50
326.00 1099.50
327.00 1099.50
327.50 1099.00
328.00 1098.50
329.00 1098.50
330.00 1098.50
330.50 1098.00
331.00 1097.50
332.00 1097.50
332.50 1097.00
333.00 1096.50
334.00 1096.50
335.00 1096.50
335.50 1096.00
336.00 1095.50
337.00 1095.50
337.50 1095.00
338.00 1094.50
339.00 1094.50
340.00 1094.50
340.50 1094.00
341.00 1093.50
342.00 1093.50
342.50 1093.00
343.00 1092.50
344.00 1092.50
344.50 1092.00
345.00 1091.50
346.00 1091.50
346.50 1091.00
347.00 1090.50
348.00 1090.50
348.50 1090.00
349.00 1089.50
350.00 1089.50
350.50 1089.00
351.00 1088.50
352.00 1088.50
352.50 1088.00
353.00 1087.50
354.00 1087.50
354.50 1087.00
355.00 1086.50
356.00 1086.50
356.50 1086.00
357.00 1085.50
358.00 1085.50
358.50 1085.00
359.00 1084.50
359.50 1084.00
360.00 1083.50
361.00 1083.50
361.50 1083.00
362.00 1082.50
362.50 1082.00
363.00 1081.50
364.00 1081.50
364.50 1081.00
365.00 1080.50
365.50 1080.00
366.00 1079.50
367.00 1079.50
367.50 1079.00
368.00 1078.50
368.50 1078.00
369.00 1077.50
370.00 1077.50
370.50 1077.00
371.00 1076.50
371.50 1076.00
372.00 1075.50
372.50 1075.00
373.00 1074.50
373.50 1074.00
374.00 1073.50
375.00 1073.50
375.50 1073.00
376.00 1072.50
376.50 1072.00
377.00 1071.50
377.50 1071.00
378.00 1070.50
378.50 1070.00
379.00 1069.50
379.50 1069.00
380.00 1068.50
380.50 1068.00
381.00 1067.50
382.00 1067.50
382.50 1068.00
383.00 1068.50
383.50 1069.00
384.00 1069.50
384.50 1070.00
385.00 1070.50
385.50 1071.00
386.00 1071.50
386.50 1072.00
387.00 1072.50
387.50 1073.00
388.00 1073.50
388.50 1074.00
389.00 1074.50
389.50 1075.00
390.00 1075.50
390.50 1076.00
391.00 1076.50
392.00 1076.50
392.50 1077.00
393.00 1077.50
393.50 1078.00
394.00 1078.50
394.50 1079.00
395.00 1079.50
395.50 1080.00
396.00 1080.50
396.50 1081.00
397.00 1081.50
398.00 1081.50
398.50 1082.00
399.00 1082.50
399.50 1083.00
400.00 1083.50
400.50 1084.00
401.00 1084.50
402.00 1084.50
402.50 1085.00
403.00 1085.50
403.50 1086.00
404.00 1086.50
405.00 1086.50
405.50 1087.00
406.00 1087.50
406.50 1088.00
407.00 1088.50
408.00 1088.50
408.50 1089.00
409.00 1089.50
409.50 1090.00
410.00 1090.50
411.00 1090.50
411.50 1091.00
412.00 1091.50
412.50 1092.00
413.00 1092.50
414.00 1092.50
414.50 1093.00
415.00 1093.50
416.00 1093.50
416.50 1094.00
417.00 1094.50
418.00 1094.50
418.50 1095.00
419.00 1095.50
419.50 1096.00
420.00 1096.50
421.00 1096.50
421.50 1097.00
422.00 1097.50
423.00 1097.50
423.50 1098.00
424.00 1098.50
425.00 1098.50
425.50 1099.00
426.00 1099.50
427.00 1099.50
427.50 1100.00
428.00 1100.50
429.00 1100.50
429.50 1101.00
430.00 1101.50
431.00 1101.50
431.50 1102.00
432.00 1102.50
433.00 1102.50
434.00 1102.50
434.50 1103.00
435.00 1103.50
436.00 1103.50
436.50 1104.00
437.00 1104.50
438.00 1104.50
438.50 1105.00
439.00 1105.50
440.00 1105.50
441.00 1105.50
442.00 1105.50
443.00 1105.50
444.00 1105.50
445.00 1105.50
446.00 1105.50
447.00 1105.50
447.50 1105.00
448.00 1104.50
449.00 1104.50
450.00 1104.50
451.00 1104.50
452.00 1104.50
453.00 1104.50
454.00 1104.50
455.00 1104.50
456.00 1104.50
457.00 1104.50
458.00 1104.50
458.50 1104.00
459.00 1103.50
460.00 1103.50
461.00 1103.50
462.00 1103.50
463.00 1103.50
464.00 1103.50
465.00 1103.50
466.00 1103.50
467.00 1103.50
468.00 1103.50
469.00 1103.50
470.00 1103.50
470.50 1103.00
471.00 1102.50
472.00 1102.50
473.00 1102.50
474.00 1102.50
475.00 1102.50
476.00 1102.50
477.00 1102.50
478.00 1102.50
479.00 1102.50
480.00 1102.50
481.00 1102.50
482.00 1102.50
482.50 1102.00
483.00 1101.50
484.00 1101.50
485.00 1101.50
486.00 1101.50
487.00 1101.50
488.00 1101.50
489.00 1101.50
490.00 1101.50
491.00 1101.50
492.00 1101.50
493.00 1101.50
494.00 1101.50
494.50 1101.00
495.00 1100.50
496.00 1100.50
497.00 1100.50
498.00 1100.50
499.00 1100.50
500.00 1100.50
501.00 1100.50
502.00 1100.50
503.00 1100.50
504.00 1100.50
505.00 1100.50
506.00 1100.50
507.00 1100.50
508.00 1100.50
509.00 1100.50
510.00 1100.50
511.00 1100.50
512.00 1100.50
513.00 1100.50
514.00 1100.50
515.00 1100.50
516.00 1100.50
517.00 1100.50
518.00 1100.50
519.00 1100.50
520.00 1100.50
521.00 1100.50
522.00 1100.50
523.00 1100.50
524.00 1100.50
525.00 1100.50
526.00 1100.50
527.00 1100.50
528.00 1100.50
529.00 1100.50
530.00 1100.50
531.00 1100.50
532.00 1100.50
533.00 1100.50
534.00 1100.50
535.00 1100.50
536.00 1100.50
537.00 1100.50
538.00 1100.50
539.00 1100.50
540.00 1100.50
541.00 1100.50
542.00 1100.50
543.00 1100.50
544.00 1100.50
545.00 1100.50
546.00 1100.50
547.00 1100.50
548.00 1100.50
549.00 1100.50
550.00 1100.50
551.00 1100.50
552.00 1100.50
553.00 1100.50
554.00 1100.50
555.00 1100.50
556.00 1100.50
557.00 1100.50
558.00 1100.50
558.50 1100.00
559.00 1099.50
559.50 1099.00
560.00 1098.50
560.50 1098.00
561.00 1097.50
561.50 1097.00
562.00 1096.50
562.50 1096.00
563.00 1095.50
563.50 1095.00
564.00 1094.50
564.50 1094.00
565.00 1093.50
565.50 1093.00
566.00 1092.50
566.50 1092.00
567.00 1091.50
567.50 1091.00
568.00 1090.50
568.50 1090.00
569.00 1089.50
569.50 1089.00
569.50 1088.00
570.00 1087.50
570.50 1087.00
571.00 1086.50
571.50 1086.00
572.00 1085.50
572.50 1085.00
572.50 1084.00
573.00 1083.50
573.50 1083.00
574.00 1082.50
574.50 1082.00
574.50 1081.00
575.00 1080.50
575.50 1080.00
575.50 1079.00
576.00 1078.50
576.50 1078.00
576.50 1077.00
577.00 1076.50
577.50 1076.00
577.50 1075.00
578.00 1074.50
578.50 1074.00
579.00 1073.50
579.50 1073.00
579.50 1072.00
579.50 1071.00
580.00 1070.50
580.50 1070.00
580.50 1069.00
581.00 1068.50
581.50 1068.00
581.50 1067.00
582.00 1066.50
582.50 1066.00
582.50 1065.00
582.50 1064.00
583.00 1063.50
583.50 1063.00
583.50 1062.00
584.00 1061.50
584.50 1061.00
584.50 1060.00
584.50 1059.00
585.00 1058.50
585.50 1058.00
585.50 1057.00
585.50 1056.00
586.00 1055.50
586.50 1055.00
586.50 1054.00
586.50 1053.00
587.00 1052.50
587.50 1052.00
587.50 1051.00
587.50 1050.00
587.50 1049.00
588.00 1048.50
588.50 1048.00
588.50 1047.00
588.50 1046.00
589.00 1045.50
589.50 1045.00
589.50 1044.00
589.50 1043.00
589.50 1042.00
590.00 1041.50
590.50 1041.00
590.50 1040.00
590.50 1039.00
590.50 1038.00
590.50 1037.00
590.50 1036.00
590.50 1035.00
590.50 1034.00
590.50 1033.00
590.50 1032.00
590.50 1031.00
590.50 1030.00
590.50 1029.00
590.50 1028.00
590.50 1027.00
590.50 1026.00
590.50 1025.00
590.50 1024.00
590.50 1023.00
590.50 1022.00
590.50 1021.00
590.50 1020.00
590.50 1019.00
590.50 1018.00
590.50 1017.00
590.50 1016.00
590.50 1015.00
590.50 1014.00
590.50 1013.00
590.50 1012.00
590.50 1011.00
590.50 1010.00
590.50 1009.00
590.50 1008.00
590.50 1007.00
590.50 1006.00
590.50 1005.00
590.50 1004.00
590.50 1003.00
590.50 1002.00
590.50 1001.00
590.50 1000.00
590.50 999.00
590.50 998.00
590.50 997.00
590.50 996.00
590.50 995.00
590.50 994.00
590.50 993.00
590.50 992.00
590.50 991.00
590.50 990.00
590.50 989.00
590.50 988.00
590.50 987.00
590.50 986.00
590.50 985.00
590.50 984.00
590.50 983.00
590.50 982.00
590.50 981.00
590.50 980.00
590.50 979.00
590.50 978.00
590.50 977.00
590.50 976.00
590.50 975.00
590.50 974.00
590.50 973.00
590.50 972.00
590.50 971.00
590.50 970.00
590.50 969.00
590.50 968.00
590.50 967.00
590.50 966.00
590.50 965.00
590.50 964.00
590.50 963.00
590.50 962.00
590.50 961.00
590.50 960.00
590.50 959.00
590.50 958.00
590.50 957.00
590.50 956.00
590.50 955.00
590.50 954.00
590.50 953.00
590.50 952.00
590.50 951.00
590.50 950.00
590.50 949.00
590.50 948.00
590.50 947.00
590.50 946.00
590.50 945.00
590.50 944.00
590.50 943.00
590.50 942.00
590.50 941.00
590.50 940.00
590.50 939.00
590.50 938.00
590.50 937.00
590.50 936.00
590.50 935.00
590.50 934.00
590.50 933.00
590.50 932.00
590.50 931.00
590.50 930.00
590.50 929.00
590.50 928.00
590.50 927.00
590.50 926.00
590.50 925.00
590.50 924.00
590.50 923.00
590.50 922.00
590.50 921.00
590.50 920.00
590.50 919.00
590.50 918.00
590.50 917.00
590.50 916.00
590.50 915.00
590.50 914.00
590.50 913.00
590.50 912.00
590.50 911.00
590.50 910.00
590.50 909.00
590.50 908.00
590.50 907.00
590.50 906.00
590.50 905.00
590.50 904.00
590.50 903.00
590.50 902.00
590.50 901.00
590.50 900.00
590.50 899.00
590.50 898.00
590.50 897.00
590.50 896.00
590.50 895.00
590.50 894.00
590.50 893.00
590.50 892.00
590.50 891.00
590.50 890.00
590.50 889.00
590.50 888.00
590.50 887.00
590.50 886.00
590.50 885.00
590.50 884.00
590.50 883.00
590.50 882.00
590.50 881.00
590.50 880.00
590.50 879.00
590.50 878.00
590.50 877.00
590.50 876.00
590.50 875.00
590.50 874.00
590.50 873.00
590.50 872.00
590.50 871.00
590.50 870.00
590.50 869.00
590.50 868.00
590.50 867.00
590.50 866.00
590.50 865.00
590.50 864.00
590.50 863.00
590.50 862.00
590.50 861.00
590.50 860.00
590.50 859.00
590.50 858.00
590.50 857.00
590.50 856.00
590.50 855.00
590.50 854.00
590.50 853.00
590.50 852.00
590.50 851.00
590.50 850.00
590.50 849.00
590.50 848.00
590.50 847.00
590.50 846.00
590.50 845.00
590.50 844.00
590.50 843.00
590.50 842.00
590.50 841.00
590.50 840.00
590.50 839.00
590.50 838.00
590.50 837.00
590.50 836.00
590.50 835.00
590.50 834.00
590.50 833.00
590.50 832.00
590.50 831.00
590.50 830.00
590.50 829.00
590.50 828.00
590.50 827.00
590.50 826.00
590.50 825.00
590.50 824.00
590.50 823.00
590.50 822.00
590.50 821.00
590.50 820.00
590.50 819.00
590.50 818.00
590.50 817.00
590.50 816.00
590.50 815.00
590.50 814.00
590.50 813.00
590.50 812.00
590.50 811.00
590.50 810.00
590.50 809.00
590.50 808.00
590.50 807.00
590.50 806.00
590.50 805.00
590.50 804.00
590.50 803.00
590.50 802.00
590.50 801.00
590.50 800.00
590.50 799.00
590.50 798.00
590.50 797.00
590.50 796.00
590.50 795.00
590.50 794.00
590.50 793.00
590.50 792.00
590.50 791.00
590.50 790.00
590.50 789.00
590.50 788.00
590.50 787.00
590.50 786.00
590.50 785.00
590.50 784.00
590.50 783.00
590.50 782.00
590.50 781.00
590.50 780.00
590.50 779.00
590.50 778.00
590.50 777.00
590.50 776.00
590.50 775.00
590.50 774.00
590.50 773.00
590.50 772.00
590.50 771.00
590.50 770.00
590.50 769.00
590.50 768.00
590.50 767.00
590.50 766.00
590.50 765.00
590.50 764.00
590.50 763.00
590.50 762.00
590.50 761.00
590.50 760.00
590.50 759.00
590.50 758.00
590.50 757.00
590.50 756.00
590.50 755.00
590.50 754.00
590.50 753.00
590.50 752.00
590.50 751.00
590.50 750.00
590.50 749.00
590.50 748.00
590.50 747.00
590.50 746.00
590.50 745.00
590.50 744.00
590.50 743.00
590.50 742.00
590.50 741.00
590.50 740.00
590.50 739.00
590.50 738.00
590.50 737.00
590.50 736.00
590.50 735.00
590.50 734.00
590.50 733.00
590.50 732.00
590.50 731.00
590.50 730.00
590.50 729.00
590.50 728.00
590.50 727.00
590.50 726.00
590.50 725.00
590.50 724.00
590.50 723.00
590.50 722.00
590.50 721.00
590.50 720.00
590.50 719.00
590.50 718.00
590.50 717.00
590.50 716.00
590.50 715.00
590.50 714.00
590.50 713.00
590.50 712.00
590.50 711.00
590.50 710.00
590.50 709.00
590.50 708.00
590.50 707.00
590.50 706.00
590.50 705.00
590.50 704.00
590.50 703.00
590.50 702.00
590.50 701.00
590.50 700.00
590.50 699.00
590.50 698.00
590.50 697.00
590.50 696.00
590.50 695.00
590.50 694.00
590.50 693.00
590.50 692.00
590.50 691.00
590.50 690.00
590.50 689.00
590.50 688.00
590.50 687.00
590.50 686.00
590.50 685.00
590.50 684.00
590.00 683.50
589.50 683.00
589.50 682.00
589.50 681.00
589.50 680.00
589.50 679.00
589.50 678.00
589.50 677.00
589.50 676.00
589.50 675.00
589.50 674.00
589.50 673.00
589.50 672.00
589.50 671.00
589.50 670.00
589.50 669.00
589.50 668.00
589.50 667.00
589.50 666.00
589.50 665.00
589.50 664.00
589.50 663.00
589.50 662.00
589.50 661.00
589.50 660.00
589.50 659.00
589.50 658.00
589.50 657.00
589.50 656.00
589.50 655.00
589.50 654.00
589.50 653.00
589.50 652.00
589.50 651.00
589.50 650.00
589.50 649.00
589.50 648.00
589.50 647.00
589.50 646.00
589.50 645.00
589.50 644.00
589.50 643.00
589.50 642.00
589.50 641.00
589.50 640.00
589.50 639.00
589.50 638.00
589.50 637.00
589.50 636.00
589.50 635.00
589.50 634.00
589.50 633.00
589.50 632.00
589.50 631.00
589.50 630.00
589.50 629.00
589.50 628.00
589.50 627.00
589.50 626.00
589.50 625.00
589.50 624.00
589.50 623.00
589.50 622.00
589.50 621.00
589.50 620.00
589.50 619.00
589.50 618.00
589.50 617.00
589.50 616.00
589.50 615.00
589.50 614.00
589.50 613.00
589.50 612.00
589.50 611.00
589.50 610.00
589.50 609.00
589.50 608.00
589.50 607.00
589.50 606.00
589.50 605.00
589.50 604.00
589.50 603.00
589.50 602.00
589.50 601.00
589.50 600.00
589.50 599.00
589.50 598.00
589.50 597.00
589.50 596.00
589.50 595.00
589.50 594.00
589.50 593.00
589.50 592.00
589.50 591.00
590.00 590.50
590.50 590.00
590.50 589.00
590.50 588.00
590.50 587.00
590.50 586.00
590.50 585.00
590.50 584.00
590.50 583.00
590.50 582.00
590.50 581.00
591.00 580.50
591.50 580.00
591.50 579.00
591.50 578.00
591.50 577.00
591.50 576.00
591.50 575.00
591.50 574.00
592.00 573.50
592.50 573.00
592.50 572.00
592.50 571.00
592.50 570.00
593.00 569.50
593.50 569.00
593.50 568.00
593.50 567.00
594.00 566.50
594.50 566.00
594.50 565.00
595.00 564.50
595.50 564.00
595.50 563.00
596.00 562.50
596.50 562.00
597.00 561.50
597.50 561.00
598.00 560.50
598.50 560.00
599.00 559.50
599.50 559.00
600.00 558.50
600.50 558.00
601.00 557.50
602.00 557.50
602.50 557.00
603.00 556.50
603.50 556.00
604.00 555.50
605.00 555.50
606.00 555.50
606.50 555.00
607.00 554.50
608.00 554.50
609.00 554.50
609.50 554.00
610.00 553.50
611.00 553.50
612.00 553.50
613.00 553.50
614.00 553.50
614.50 553.00
615.00 552.50
616.00 552.50
617.00 552.50
617.50 552.00
618.00 551.50
618.50 551.00
619.00 550.50
619.50 550.00
620.00 549.50
620.50 549.00
621.00 548.50
621.50 548.00
622.00 547.50
622.50 547.00
623.00 546.50
623.50 546.00
624.00 545.50
624.50 545.00
625.00 544.50
625.50 544.00
626.00 543.50
626.50 543.00
627.00 542.50
627.50 542.00
628.00 541.50
628.50 541.00
628.50 540.00
629.00 539.50
629.50 539.00
630.00 538.50
630.50 538.00
630.50 537.00
631.00 536.50
631.50 536.00
632.00 535.50
632.50 535.00
632.50 534.00
633.00 533.50
633.50 533.00
634.00 532.50
634.50 532.00
634.50 531.00
635.00 530.50
635.50 530.00
635.50 529.00
636.00 528.50
636.50 528.00
636.50 527.00
637.00 526.50
637.50 526.00
637.50 525.00
638.00 524.50
638.50 524.00
638.50 523.00
639.00 522.50
639.50 522.00
639.50 521.00
640.00 520.50
640.50 520.00
640.50 519.00
640.50 518.00
641.00 517.50
641.50 517.00
641.50 516.00
642.00 515.50
642.50 515.00
642.50 514.00
642.50 513.00
643.00 512.50
643.50 512.00
643.50 511.00
643.50 510.00
644.00 509.50
644.50 509.00
644.50 508.00
644.50 507.00
645.00 506.50
645.50 506.00
645.50 505.00
645.50 504.00
646.00 503.50
646.50 503.00
646.50 502.00
646.50 501.00
647.00 500.50
647.50 500.00
647.50 499.00
647.50 498.00
647.50 497.00
648.00 496.50
648.50 496.00
648.50 495.00
648.50 494.00
648.50 493.00
648.50 492.00
648.50 491.00
648.50 490.00
648.50 489.00
648.00 488.50
647.50 488.00
647.50 487.00
647.50 486.00
647.50 485.00
647.00 484.50
646.50 484.00
646.50 483.00
646.50 482.00
646.00 481.50
645.50 481.00
645.50 480.00
645.50 479.00
645.00 478.50
644.50 478.00
644.50 477.00
644.50 476.00
644.00 475.50
643.50 475.00
643.50 474.00
643.50 473.00
643.00 472.50
642.50 472.00
642.50 471.00
642.50 470.00
642.00 469.50
641.50 469.00
641.50 468.00
641.00 467.50
640.50 467.00
640.50 466.00
640.50 465.00
640.00 464.50
639.50 464.00
639.50 463.00
639.00 462.50
638.50 462.00
638.50 461.00
638.00 460.50
637.50 460.00
637.50 459.00
637.00 458.50
636.50 458.00
636.50 457.00
636.00 456.50
635.50 456.00
635.50 455.00
635.00 454.50
634.50 454.00
634.50 453.00
634.00 452.50
633.50 452.00
633.00 451.50
632.50 451.00
632.50 450.00
632.00 449.50
631.50 449.00
631.00 448.50
630.50 448.00
630.50 447.00
630.00 446.50
629.50 446.00
629.00 445.50
628.50 445.00
628.00 444.50
627.50 444.00
627.50 443.00
627.00 442.50
626.50 442.00
626.00 441.50
625.50 441.00
625.00 440.50
624.50 440.00
624.00 439.50
623.50 439.00
623.00 438.50
622.50 438.00
622.00 437.50
621.50 437.00
621.00 436.50
620.50 436.00
620.00 435.50
619.50 435.00
619.00 434.50
618.50 434.00
618.00 433.50
617.50 433.00
617.00 432.50
616.00 432.50
615.00 432.50
614.50 432.00
614.00 431.50
613.00 431.50
612.00 431.50
611.00 431.50
610.50 431.00
610.00 430.50
609.00 430.50
608.00 430.50
607.50 430.00
607.00 429.50
606.00 429.50
605.50 429.00
605.00 428.50
604.00 428.50
603.50 428.00
603.00 427.50
602.00 427.50
601.50 427.00
601.00 426.50
600.50 426.00
600.00 425.50
599.50 425.00
599.00 424.50
598.50 424.00
598.00 423.50
597.50 423.00
597.50 422.00
597.00 421.50
596.50 421.00
596.50 420.00
596.00 419.50
595.50 419.00
595.50 418.00
595.00 417.50
594.50 417.00
594.50 416.00
594.50 415.00
594.00 414.50
593.50 414.00
593.50 413.00
593.50 412.00
593.50 411.00
593.50 410.00
593.00 409.50
592.50 409.00
592.50 408.00
592.50 407.00
592.50 406.00
592.50 405.00
592.50 404.00
592.00 403.50
591.50 403.00
591.50 402.00
591.50 401.00
591.50 400.00
591.50 399.00
591.50 398.00
591.50 397.00
591.50 396.00
591.50 395.00
591.00 394.50
590.50 394.00
590.50 393.00
590.50 392.00
590.50 391.00
590.50 390.00
590.50 389.00
590.50 388.00
590.50 387.00
590.50 386.00
590.50 385.00
590.50 384.00
590.50 383.00
590.50 382.00
590.50 381.00
590.50 380.00
590.50 379.00
590.50 378.00
590.50 377.00
590.50 376.00
590.50 375.00
590.50 374.00
590.50 373.00
590.50 372.00
590.50 371.00
590.50 370.00
590.50 369.00
590.50 368.00
590.50 367.00
590.50 366.00
590.50 365.00
590.50 364.00
590.50 363.00
590.50 362.00
590.50 361.00
590.50 360.00
590.50 359.00
590.50 358.00
590.50 357.00
590.50 356.00
590.50 355.00
590.50 354.00
590.50 353.00
590.50 352.00
590.50 351.00
590.50 350.00
590.50 349.00
590.50 348.00
590.50 347.00
590.50 346.00
590.50 345.00
590.50 344.00
590.50 343.00
590.50 342.00
590.50 341.00
590.50 340.00
590.50 339.00
590.50 338.00
590.50 337.00
590.50 336.00
590.50 335.00
590.50 334.00
590.50 333.00
590.50 332.00
590.50 331.00
590.50 330.00
590.50 329.00
590.50 328.00
590.50 327.00
590.50 326.00
590.50 325.00
590.50 324.00
590.50 323.00
590.50 322.00
590.50 321.00
590.50 320.00
590.50 319.00
590.50 318.00
590.50 317.00
590.50 316.00
590.50 315.00
590.50 314.00
590.50 313.00
590.50 312.00
590.50 311.00
590.50 310.00
590.50 309.00
590.50 308.00
590.50 307.00
590.50 306.00
590.50 305.00
590.50 304.00
590.50 303.00
590.50 302.00
590.50 301.00
590.50 300.00
590.50 299.00
590.50 298.00
590.50 297.00
590.50 296.00
590.50 295.00
590.50 294.00
590.50 293.00
590.50 292.00
590.50 291.00
590.50 290.00
590.50 289.00
590.50 288.00
590.50 287.00
590.50 286.00
590.50 285.00
590.50 284.00
590.50 283.00
590.50 282.00
590.50 281.00
590.50 280.00
590.50 279.00
590.50 278.00
590.50 277.00
590.50 276.00
590.50 275.00
590.50 274.00
590.50 273.00
590.00 272.50
589.50 272.00
589.50 271.00
589.50 270.00
589.50 269.00
589.00 268.50
588.50 268.00
588.50 267.00
588.50 266.00
588.50 265.00
588.00 264.50
587.50 264.00
587.50 263.00
587.50 262.00
587.00 261.50
586.50 261.00
586.50 260.00
586.50 259.00
586.00 258.50
585.50 258.00
585.50 257.00
585.50 256.00
585.00 255.50
584.50 255.00
584.50 254.00
584.50 253.00
584.00 252.50
583.50 252.00
583.50 251.00
583.50 250.00
583.00 249.50
582.50 249.00
582.50 248.00
582.00 247.50
581.50 247.00
581.50 246.00
581.00 245.50
580.50 245.00
580.50 244.00
580.50 243.00
580.00 242.50
579.50 242.00
579.50 241.00
579.00 240.50
578.50 240.00
578.50 239.00
578.00 238.50
577.50 238.00
577.50 237.00
577.00 236.50
576.50 236.00
576.00 235.50
575.50 235.00
575.50 234.00
575.00 233.50
574.50 233.00
574.50 232.00
574.00 231.50
573.50 231.00
573.00 230.50
572.50 230.00
572.50 229.00
572.00 228.50
571.50 228.00
571.00 227.50
570.50 227.00
570.00 226.50
569.50 226.00
569.50 225.00
569.00 224.50
568.50 224.00
568.00 223.50
567.50 223.00
567.00 222.50
566.50 222.00
566.00 221.50
565.50 221.00
565.00 220.50
564.50 220.00
564.50 219.00
564.00 218.50
563.50 218.00
563.00 217.50
562.50 217.00
562.00 216.50
561.50 216.00
561.00 215.50
560.00 215.50
559.50 215.00
559.00 214.50
558.50 214.00
558.00 213.50
557.50 213.00
557.00 212.50
556.50 212.00
556.00 211.50
555.50 211.00
555.00 210.50
554.50 210.00
554.50 209.00
554.00 208.50
553.50 208.00
553.00 207.50
552.50 207.00
552.00 206.50
551.50 206.00
551.00 205.50
550.50 205.00
550.50 204.00
550.00 203.50
549.50 203.00
549.00 202.50
548.50 202.00
548.00 201.50
547.50 201.00
547.50 200.00
547.00 199.50
546.50 199.00
546.50 198.00
546.00 197.50
545.50 197.00
545.00 196.50
544.50 196.00
544.50 195.00
544.00 194.50
543.50 194.00
543.50 193.00
543.00 192.50
542.50 192.00
542.50 191.00
542.00 190.50
541.50 190.00
541.50 189.00
541.00 188.50
540.50 188.00
540.50 187.00
540.00 186.50
539.50 186.00
539.50 185.00
539.00 184.50
538.50 184.00
538.50 183.00
538.00 182.50
537.50 182.00
537.50 181.00
537.50 180.00
537.00 179.50
536.50 179.00
536.50 178.00
536.00 177.50
535.50 177.00
535.50 176.00
535.50 175.00
535.00 174.50
534.50 174.00
534.50 173.00
534.50 172.00
534.00 171.50
533.50 171.00
533.50 170.00
533.50 169.00
533.00 168.50
532.50 168.00
532.50 167.00
532.50 166.00
532.00 165.50
531.50 165.00
531.50 164.00
531.50 163.00
532.00 162.50
532.50 162.00
532.50 161.00
532.50 160.00
532.50 159.00
533.00 158.50
533.50 158.00
533.50 157.00
533.50 156.00
534.00 155.50
534.50 155.00
534.50 154.00
534.50 153.00
535.00 152.50
535.50 152.00
535.50 151.00
536.00 150.50
536.50 150.00
536.50 149.00
536.50 148.00
537.00 147.50
537.50 147.00
537.50 146.00
538.00 145.50
538.50 145.00
538.50 144.00
539.00 143.50
539.50 143.00
539.50 142.00
539.50 141.00
540.00 140.50
540.50 140.00
540.50 139.00
541.00 138.50
541.50 138.00
541.50 137.00
542.00 136.50
542.50 136.00
542.50 135.00
543.00 134.50
543.50 134.00
544.00 133.50
544.50 133.00
544.50 132.00
545.00 131.50
545.50 131.00
545.50 130.00
546.00 129.50
546.50 129.00
547.00 128.50
547.50 128.00
547.50 127.00
548.00 126.50
548.50 126.00
549.00 125.50
549.50 125.00
549.50 124.00
550.00 123.50
550.50 123.00
551.00 122.50
551.50 122.00
552.00 121.50
552.50 121.00
552.50 120.00
553.00 119.50
553.50 119.00
554.00 118.50
554.50 118.00
555.00 117.50
555.50 117.00
556.00 116.50
556.50 116.00
557.00 115.50
557.50 115.00
558.00 114.50
558.50 114.00
559.00 113.50
559.50 113.00
560.00 112.50
560.50 112.00
561.00 111.50
561.50 111.00
562.00 110.50
562.50 110.00
563.00 109.50
563.50 109.00
564.00 108.50
564.50 108.00
565.00 107.50
565.50 107.00
566.00 106.50
566.50 106.00
567.00 105.50
567.50 105.00
568.00 104.50
568.50 104.00
568.50 103.00
569.00 102.50
569.50 102.00
570.00 101.50
570.50 101.00
571.00 100.50
571.50 100.00
571.50 99.00
572.00 98.50
572.50 98.00
573.00 97.50
573.50 97.00
573.50 96.00
574.00 95.50
574.50 95.00
575.00 94.50
575.50 94.00
575.50 93.00
576.00 92.50
576.50 92.00
576.50 91.00
577.00 90.50
577.50 90.00
577.50 89.00
578.00 88.50
578.50 88.00
578.50 87.00
579.00 86.50
579.50 86.00
579.50 85.00
580.00 84.50
580.50 84.00
580.50 83.00
581.00 82.50
581.50 82.00
581.50 81.00
582.00 80.50
582.50 80.00
582.50 79.00
582.50 78.00
583.00 77.50
583.50 77.00
583.50 76.00
584.00 75.50
584.50 75.00
584.50 74.00
584.50 73.00
585.00 72.50
585.50 72.00
585.50 71.00
585.50 70.00
586.00 69.50
586.50 69.00
586.50 68.00
586.50 67.00
587.00 66.50
587.50 66.00
587.50 65.00
587.50 64.00
587.50 63.00
588.00 62.50
588.50 62.00
588.50 61.00
588.50 60.00
589.00 59.50
589.50 59.00
589.50 58.00
589.50 57.00
589.50 56.00
590.00 55.50
590.50 55.00
590.50 54.00
590.50 53.00
590.50 52.00
590.50 51.00
590.50 50.00
590.50 49.00
590.50 48.00
590.50 47.00
590.50 46.00
590.50 45.00
590.50 44.00
590.50 43.00
590.50 42.00
590.50 41.00
590.50 40.00
590.50 39.00
590.50 38.00
590.50 37.00
590.50 36.00
590.50 35.00
590.50 34.00
590.50 33.00
590.50 32.00
590.50 31.00
590.50 30.00
590.50 29.00
590.50 28.00
590.50 27.00
590.50 26.00
590.50 25.00
590.50 24.00
590.50 23.00
590.50 22.00
590.50 21.00
590.50 20.00
590.50 19.00
590.50 18.00
590.50 17.00
590.50 16.00
590.50 15.00
590.50 14.00
590.50 13.00
590.50 12.00
590.50 11.00
590.50 10.00
590.50 9.00
590.50 8.00
590.50 7.00
590.50 6.00
590.50 5.00
590.50 4.00
590.50 3.00
590.50 2.00
590.50 1.00
590.50 0.00
