row col
348.50 0.00
348.50 1.00
348.50 2.00
348.50 3.00
348.50 4.00
348.50 5.00
348.50 6.00
348.50 7.00
348.50 8.00
348.50 9.00
348.50 10.00
348.50 11.00
348.50 12.00
348.50 13.00
348.50 14.00
348.50 15.00
348.50 16.00
348.50 17.00
348.50 18.00
348.50 19.00
348.50 20.00
348.50 21.00
348.50 22.00
348.50 23.00
348.50 24.00
348.50 25.00
348.50 26.00
348.50 27.00
348.50 28.00
348.50 29.00
348.50 30.00
348.50 31.00
348.50 32.00
348.50 33.00
348.50 34.00
348.50 35.00
348.50 36.00
348.50 37.00
348.50 38.00
348.50 39.00
348.50 40.00
348.50 41.00
348.50 42.00
348.50 43.00
348.50 44.00
348.50 45.00
348.50 46.00
348.50 47.00
348.50 48.00
348.50 49.00
348.50 50.00
348.50 51.00
348.50 52.00
348.50 53.00
348.50 54.00
348.50 55.00
348.50 56.00
348.50 57.00
348.50 58.00
348.50 59.00
348.50 60.00
348.50 61.00
348.50 62.00
348.50 63.00
348.50 64.00
348.50 65.00
348.50 66.00
348.50 67.00
348.50 68.00
348.50 69.00
348.50 70.00
348.50 71.00
348.50 72.00
348.50 73.00
348.50 74.00
348.50 75.00
348.50 76.00
348.50 77.00
348.50 78.00
348.50 79.00
348.50 80.00
348.50 81.00
348.50 82.00
348.50 83.00
348.50 84.00
348.50 85.00
348.50 86.00
348.50 87.00
348.50 88.00
348.50 89.00
348.50 90.00
348.50 91.00
348.50 92.00
348.50 93.00
348.50 94.00
348.50 95.00
348.50 96.00
348.50 97.00
348.50 98.00
348.50 99.00
348.50 100.00
348.50 101.00
348.50 102.00
348.50 103.00
348.50 104.00
348.50 105.00
348.50 106.00
348.50 107.00
348.50 108.00
348.50 109.00
348.50 110.00
348.50 111.00
348.50 112.00
348.50 113.00
348.50 114.00
348.50 115.00
348.50 116.00
348.50 117.00
348.50 118.00
348.50 119.00
348.50 120.00
348.50 121.00
348.50 122.00
348.50 123.00
348.50 124.00
348.50 125.00
348.50 126.00
348.50 127.00
348.50 128.00
348.50 129.00
348.50 130.00
348.50 131.00
348.50 132.00
348.50 133.00
348.50 134.00
348.50 135.00
348.50 136.00
348.50 137.00
348.50 138.00
348.50 139.00
348.50 140.00
348.50 141.00
348.50 142.00
348.50 143.00
348.50 144.00
348.50 145.00
348.50 146.00
348.50 147.00
348.50 148.00
348.50 149.00
348.50 150.00
348.50 151.00
348.50 152.00
348.50 153.00
348.50 154.00
348.50 155.00
348.50 156.00
348.50 157.00
348.50 158.00
348.50 159.00
348.50 160.00
348.50 161.00
348.50 162.00
348.50 163.00
348.50 164.00
348.50 165.00
348.50 166.00
348.50 167.00
348.50 168.00
348.50 169.00
348.50 170.00
348.50 171.00
348.00 171.50
347.50 172.00
347.50 173.00
347.50 174.00
347.50 175.00
347.50 176.00
347.50 177.00
347.50 178.00
347.50 179.00
347.00 179.50
346.50 180.00
346.50 181.00
346.50 182.00
346.50 183.00
346.50 184.00
346.00 184.50
345.50 185.00
345.50 186.00
345.50 187.00
345.50 188.00
345.50 189.00
345.00 189.50
344.50 190.00
344.50 191.00
344.50 192.00
344.00 192.50
343.50 193.00
343.50 194.00
343.50 195.00
343.00 195.50
342.50 196.00
342.50 197.00
342.00 197.50
341.50 198.00
341.50 199.00
341.00 199.50
340.50 200.00
340.50 201.00
340.00 201.50
339.50 202.00
339.00 202.50
338.50 203.00
338.00 203.50
337.50 204.00
337.00 204.50
336.50 205.00
336.00 205.50
335.50 206.00
335.00 206.50
334.50 207.00
334.00 207.50
333.00 207.50
332.50 208.00
332.00 208.50
331.00 208.50
330.50 209.00
330.00 209.50
329.00 209.50
328.50 210.00
328.00 210.50
327.00 210.50
326.50 211.00
326.00 211.50
325.00 211.50
324.00 211.50
323.00 211.50
322.00 211.50
321.50 212.00
321.00 212.50
320.00 212.50
319.00 212.50
318.00 212.50
317.00 212.50
316.00 212.50
315.00 212.50
314.00 212.50
313.00 212.50
312.00 212.50
311.00 212.50
310.00 212.50
309.00 212.50
308.00 212.50
307.00 212.50
306.00 212.50
305.00 212.50
304.00 212.50
303.00 212.50
302.00 212.50
301.00 212.50
300.00 212.50
299.00 212.50
298.00 212.50
297.00 212.50
296.00 212.50
295.00 212.50
294.00 212.50
293.00 212.50
292.00 212.50
291.00 212.50
290.00 212.50
289.00 212.50
288.00 212.50
287.00 212.50
286.00 212.50
285.00 212.50
284.00 212.50
283.00 212.50
282.00 212.50
281.00 212.50
280.00 212.50
279.00 212.50
278.00 212.50
277.00 212.50
276.00 212.50
275.00 212.50
274.00 212.50
273.00 212.50
272.00 212.50
271.00 212.50
270.00 212.50
269.00 212.50
268.00 212.50
267.00 212.50
266.00 212.50
265.00 212.50
264.00 212.50
263.00 212.50
262.50 213.00
262.00 213.50
261.50 214.00
261.00 214.50
260.50 215.00
260.00 215.50
259.50 216.00
259.00 216.50
258.50 217.00
258.00 217.50
257.50 218.00
257.00 218.50
256.50 219.00
256.00 219.50
255.50 220.00
255.00 220.50
254.50 221.00
254.00 221.50
253.50 222.00
253.50 223.00
253.00 223.50
252.50 224.00
252.00 224.50
251.50 225.00
251.00 225.50
250.50 226.00
250.50 227.00
250.00 227.50
249.50 228.00
249.00 228.50
248.50 229.00
248.50 230.00
248.00 230.50
247.50 231.00
247.00 231.50
246.50 232.00
246.50 233.00
246.00 233.50
245.50 234.00
245.50 235.00
245.00 235.50
244.50 236.00
244.00 236.50
243.50 237.00
243.50 238.00
243.00 238.50
242.50 239.00
242.50 240.00
242.00 240.50
241.50 241.00
241.50 242.00
241.50 243.00
241.00 243.50
240.50 244.00
240.50 245.00
240.00 245.50
239.50 246.00
239.50 247.00
239.00 247.50
238.50 248.00
238.50 249.00
238.50 250.00
238.00 250.50
237.50 251.00
237.50 252.00
237.50 253.00
237.00 253.50
236.50 254.00
236.50 255.00
236.00 255.50
235.50 256.00
235.50 257.00
235.50 258.00
235.50 259.00
235.00 259.50
234.50 260.00
234.50 261.00
234.50 262.00
234.00 262.50
233.50 263.00
233.50 264.00
233.50 265.00
233.00 265.50
232.50 266.00
232.50 267.00
232.50 268.00
232.50 269.00
232.00 269.50
231.50 270.00
231.50 271.00
231.50 272.00
231.50 273.00
231.50 274.00
231.50 275.00
231.50 276.00
231.50 277.00
232.00 277.50
232.50 278.00
232.50 279.00
232.50 280.00
233.00 280.50
233.50 281.00
233.50 282.00
233.50 283.00
233.50 284.00
234.00 284.50
234.50 285.00
234.50 286.00
234.50 287.00
235.00 287.50
235.50 288.00
235.50 289.00
235.50 290.00
236.00 290.50
236.50 291.00
236.50 292.00
236.50 293.00
237.00 293.50
237.50 294.00
237.50 295.00
237.50 296.00
238.00 296.50
238.50 297.00
238.50 298.00
238.50 299.00
239.00 299.50
239.50 300.00
239.50 301.00
240.00 301.50
240.50 302.00
240.50 303.00
241.00 303.50
241.50 304.00
241.50 305.00
242.00 305.50
242.50 306.00
242.50 307.00
242.50 308.00
243.00 308.50
243.50 309.00
244.00 309.50
244.50 310.00
244.50 311.00
245.00 311.50
245.50 312.00
245.50 313.00
246.00 313.50
246.50 314.00
246.50 315.00
247.00 315.50
247.50 316.00
248.00 316.50
248.50 317.00
248.50 318.00
249.00 318.50
249.50 319.00
250.00 319.50
250.50 320.00
250.50 321.00
251.00 321.50
251.50 322.00
252.00 322.50
252.50 323.00
253.00 323.50
253.50 324.00
254.00 324.50
254.50 325.00
254.50 326.00
255.00 326.50
255.50 327.00
256.00 327.50
256.50 328.00
257.00 328.50
257.50 329.00
258.00 329.50
258.50 330.00
259.00 330.50
259.50 331.00
260.00 331.50
260.50 332.00
261.00 332.50
261.50 333.00
262.00 333.50
263.00 333.50
263.50 334.00
264.00 334.50
264.50 335.00
265.00 335.50
265.50 336.00
266.00 336.50
266.50 337.00
266.50 338.00
267.00 338.50
267.50 339.00
268.00 339.50
268.50 340.00
269.00 340.50
269.50 341.00
270.00 341.50
270.50 342.00
270.50 343.00
271.00 343.50
271.50 344.00
272.00 344.50
272.50 345.00
273.00 345.50
273.50 346.00
273.50 347.00
274.00 347.50
274.50 348.00
275.00 348.50
275.50 349.00
275.50 350.00
276.00 350.50
276.50 351.00
276.50 352.00
277.00 352.50
277.50 353.00
278.00 353.50
278.50 354.00
278.50 355.00
279.00 355.50
279.50 356.00
279.50 357.00
280.00 357.50
280.50 358.00
280.50 359.00
281.00 359.50
281.50 360.00
281.50 361.00
282.00 361.50
282.50 362.00
282.50 363.00
282.50 364.00
283.00 364.50
283.50 365.00
283.50 366.00
284.00 366.50
284.50 367.00
284.50 368.00
285.00 368.50
285.50 369.00
285.50 370.00
285.50 371.00
286.00 371.50
286.50 372.00
286.50 373.00
286.50 374.00
287.00 374.50
287.50 375.00
287.50 376.00
287.50 377.00
288.00 377.50
288.50 378.00
288.50 379.00
288.50 380.00
289.00 380.50
289.50 381.00
289.50 382.00
289.50 383.00
290.00 383.50
290.50 384.00
290.50 385.00
290.50 386.00
290.50 387.00
291.00 387.50
291.50 388.00
291.50 389.00
291.50 390.00
291.50 391.00
292.00 391.50
292.50 392.00
292.50 393.00
292.50 394.00
293.00 394.50
293.50 395.00
293.50 396.00
293.50 397.00
293.50 398.00
294.00 398.50
294.50 399.00
294.50 400.00
294.50 401.00
295.00 401.50
295.50 402.00
295.50 403.00
295.50 404.00
296.00 404.50
296.50 405.00
296.50 406.00
297.00 406.50
297.50 407.00
297.50 408.00
297.50 409.00
298.00 409.50
298.50 410.00
298.50 411.00
299.00 411.50
299.50 412.00
299.50 413.00
300.00 413.50
300.50 414.00
300.50 415.00
301.00 415.50
301.50 416.00
301.50 417.00
301.50 418.00
302.00 418.50
302.50 419.00
303.00 419.50
303.50 420.00
303.50 421.00
304.00 421.50
304.50 422.00
304.50 423.00
305.00 423.50
305.50 424.00
305.50 425.00
306.00 425.50
306.50 426.00
307.00 426.50
307.50 427.00
307.50 428.00
308.00 428.50
308.50 429.00
309.00 429.50
309.50 430.00
310.00 430.50
310.50 431.00
310.50 432.00
311.00 432.50
311.50 433.00
312.00 433.50
312.50 434.00
313.00 434.50
313.50 435.00
314.00 435.50
314.50 436.00
314.50 437.00
315.00 437.50
315.50 438.00
316.00 438.50
316.50 439.00
317.00 439.50
317.50 440.00
318.00 440.50
318.50 441.00
319.00 441.50
320.00 441.50
320.50 442.00
321.00 442.50
321.50 443.00
322.00 443.50
322.50 444.00
323.00 444.50
323.50 445.00
324.00 445.50
324.50 446.00
325.00 446.50
325.50 447.00
326.00 447.50
326.50 448.00
326.50 449.00
327.00 449.50
327.50 450.00
328.00 450.50
328.50 451.00
329.00 451.50
329.50 452.00
330.00 452.50
330.50 453.00
330.50 454.00
331.00 454.50
331.50 455.00
332.00 455.50
332.50 456.00
332.50 457.00
333.00 457.50
333.50 458.00
334.00 458.50
334.50 459.00
334.50 460.00
335.00 460.50
335.50 461.00
335.50 462.00
336.00 462.50
336.50 463.00
337.00 463.50
337.50 464.00
337.50 465.00
338.00 465.50
338.50 466.00
338.50 467.00
339.00 467.50
339.50 468.00
339.50 469.00
340.00 469.50
340.50 470.00
340.50 471.00
341.00 471.50
341.50 472.00
341.50 473.00
341.50 474.00
342.00 474.50
342.50 475.00
342.50 476.00
343.00 476.50
343.50 477.00
343.50 478.00
343.50 479.00
344.00 479.50
344.50 480.00
344.50 481.00
345.00 481.50
345.50 482.00
345.50 483.00
345.50 484.00
346.00 484.50
346.50 485.00
346.50 486.00
346.50 487.00
347.00 487.50
347.50 488.00
347.50 489.00
347.50 490.00
348.00 490.50
348.50 491.00
348.50 492.00
348.50 493.00
348.50 494.00
348.50 495.00
348.50 496.00
348.50 497.00
348.50 498.00
348.50 499.00
348.50 500.00
348.50 501.00
348.50 502.00
348.50 503.00
348.50 504.00
348.50 505.00
348.50 506.00
348.50 507.00
348.50 508.00
348.50 509.00
348.50 510.00
348.50 511.00
348.50 512.00
348.50 513.00
348.50 514.00
348.50 515.00
348.50 516.00
348.50 517.00
348.50 518.00
348.50 519.00
348.50 520.00
348.50 521.00
348.50 522.00
348.50 523.00
348.50 524.00
348.50 525.00
348.50 526.00
348.50 527.00
348.50 528.00
348.50 529.00
348.50 530.00
348.50 531.00
348.50 532.00
348.50 533.00
348.50 534.00
348.50 535.00
348.50 536.00
348.50 537.00
348.50 538.00
348.00 538.50
347.50 539.00
347.50 540.00
347.50 541.00
347.50 542.00
347.50 543.00
347.50 544.00
347.50 545.00
347.50 546.00
347.50 547.00
347.50 548.00
347.50 549.00
347.50 550.00
347.50 551.00
347.50 552.00
347.50 553.00
347.50 554.00
347.50 555.00
347.50 556.00
347.50 557.00
347.50 558.00
347.50 559.00
347.50 560.00
347.50 561.00
347.50 562.00
347.50 563.00
347.50 564.00
347.50 565.00
347.50 566.00
347.50 567.00
347.50 568.00
347.50 569.00
347.50 570.00
347.50 571.00
347.50 572.00
347.50 573.00
347.50 574.00
347.50 575.00
347.50 576.00
347.50 577.00
347.50 578.00
347.50 579.00
347.50 580.00
347.50 581.00
347.50 582.00
347.50 583.00
347.50 584.00
347.50 585.00
347.50 586.00
347.50 587.00
347.50 588.00
347.50 589.00
347.50 590.00
347.50 591.00
347.50 592.00
347.50 593.00
347.50 594.00
347.50 595.00
347.50 596.00
347.50 597.00
347.50 598.00
347.50 599.00
347.50 600.00
347.50 601.00
347.50 602.00
347.50 603.00
347.50 604.00
347.50 605.00
348.00 605.50
348.50 606.00
348.50 607.00
348.50 608.00
348.50 609.00
349.00 609.50
349.50 610.00
349.50 611.00
349.50 612.00
350.00 612.50
350.50 613.00
350.50 614.00
350.50 615.00
350.50 616.00
351.00 616.50
351.50 617.00
351.50 618.00
351.50 619.00
352.00 619.50
352.50 620.00
352.50 621.00
353.00 621.50
353.50 622.00
353.50 623.00
353.50 624.00
354.00 624.50
354.50 625.00
354.50 626.00
355.00 626.50
355.50 627.00
355.50 628.00
355.50 629.00
356.00 629.50
356.50 630.00
356.50 631.00
357.00 631.50
357.50 632.00
357.50 633.00
358.00 633.50
358.50 634.00
358.50 635.00
359.00 635.50
359.50 636.00
359.50 637.00
360.00 637.50
360.50 638.00
360.50 639.00
361.00 639.50
361.50 640.00
361.50 641.00
362.00 641.50
362.50 642.00
363.00 642.50
363.50 643.00
363.50 644.00
364.00 644.50
364.50 645.00
365.00 645.50
365.50 646.00
365.50 647.00
366.00 647.50
366.50 648.00
367.00 648.50
367.50 649.00
368.00 649.50
368.50 650.00
368.50 651.00
369.00 651.50
369.50 652.00
370.00 652.50
370.50 653.00
371.00 653.50
371.50 654.00
372.00 654.50
372.50 655.00
373.00 655.50
373.50 656.00
374.00 656.50
374.50 657.00
375.00 657.50
375.50 658.00
376.00 658.50
376.50 659.00
377.00 659.50
377.50 660.00
378.00 660.50
378.50 661.00
379.00 661.50
379.50 662.00
380.00 662.50
381.00 662.50
382.00 662.50
383.00 662.50
383.50 662.00
384.00 661.50
384.50 661.00
385.00 660.50
385.50 660.00
386.00 659.50
386.50 659.00
387.00 658.50
387.50 658.00
388.00 657.50
388.50 657.00
389.00 656.50
389.50 656.00
390.00 655.50
390.50 655.00
391.00 654.50
391.50 654.00
392.00 653.50
392.50 653.00
393.00 652.50
393.50 652.00
393.50 651.00
394.00 650.50
394.50 650.00
395.00 649.50
395.50 649.00
395.50 648.00
396.00 647.50
396.50 647.00
397.00 646.50
397.50 646.00
397.50 645.00
398.00 644.50
398.50 644.00
399.00 643.50
399.50 643.00
399.50 642.00
400.00 641.50
400.50 641.00
400.50 640.00
401.00 639.50
401.50 639.00
402.00 638.50
402.50 638.00
402.50 637.00
403.00 636.50
403.50 636.00
403.50 635.00
404.00 634.50
404.50 634.00
404.50 633.00
404.50 632.00
405.00 631.50
405.50 631.00
405.50 630.00
406.00 629.50
406.50 629.00
406.50 628.00
407.00 627.50
407.50 627.00
407.50 626.00
407.50 625.00
408.00 624.50
408.50 624.00
408.50 623.00
408.50 622.00
409.00 621.50
409.50 621.00
409.50 620.00
409.50 619.00
410.00 618.50
410.50 618.00
410.50 617.00
410.50 616.00
411.00 615.50
411.50 615.00
411.50 614.00
411.50 613.00
412.00 612.50
412.50 612.00
412.50 611.00
412.50 610.00
412.50 609.00
413.00 608.50
413.50 608.00
413.50 607.00
413.50 606.00
413.50 605.00
414.00 604.50
414.50 604.00
414.50 603.00
414.50 602.00
414.50 601.00
415.00 600.50
415.50 600.00
415.50 599.00
415.50 598.00
416.00 597.50
416.50 597.00
416.50 596.00
416.50 595.00
417.00 594.50
417.50 594.00
417.50 593.00
417.50 592.00
418.00 591.50
418.50 591.00
418.50 590.00
419.00 589.50
419.50 589.00
419.50 588.00
419.50 587.00
420.00 586.50
420.50 586.00
420.50 585.00
421.00 584.50
421.50 584.00
421.50 583.00
422.00 582.50
422.50 582.00
422.50 581.00
422.50 580.00
423.00 579.50
423.50 579.00
423.50 578.00
424.00 577.50
424.50 577.00
424.50 576.00
425.00 575.50
425.50 575.00
426.00 574.50
426.50 574.00
426.50 573.00
427.00 572.50
427.50 572.00
427.50 571.00
428.00 570.50
428.50 570.00
428.50 569.00
429.00 568.50
429.50 568.00
430.00 567.50
430.50 567.00
430.50 566.00
431.00 565.50
431.50 565.00
432.00 564.50
432.50 564.00
432.50 563.00
433.00 562.50
433.50 562.00
434.00 561.50
434.50 561.00
435.00 560.50
435.50 560.00
436.00 559.50
436.50 559.00
436.50 558.00
437.00 557.50
437.50 557.00
438.00 556.50
438.50 556.00
439.00 555.50
439.50 555.00
440.00 554.50
440.50 555.00
441.00 555.50
442.00 555.50
442.50 556.00
443.00 556.50
443.50 557.00
443.50 558.00
444.00 558.50
444.50 559.00
445.00 559.50
445.50 560.00
446.00 560.50
446.50 561.00
447.00 561.50
447.50 562.00
447.50 563.00
448.00 563.50
448.50 564.00
449.00 564.50
449.50 565.00
449.50 566.00
450.00 566.50
450.50 567.00
451.00 567.50
451.50 568.00
451.50 569.00
452.00 569.50
452.50 570.00
453.00 570.50
453.50 571.00
453.50 572.00
454.00 572.50
454.50 573.00
454.50 574.00
455.00 574.50
455.50 575.00
455.50 576.00
456.00 576.50
456.50 577.00
456.50 578.00
457.00 578.50
457.50 579.00
457.50 580.00
458.00 580.50
458.50 581.00
458.50 582.00
459.00 582.50
459.50 583.00
459.50 584.00
460.00 584.50
460.50 585.00
460.50 586.00
460.50 587.00
461.00 587.50
461.50 588.00
461.50 589.00
462.00 589.50
462.50 590.00
462.50 591.00
462.50 592.00
463.00 592.50
463.50 593.00
463.50 594.00
463.50 595.00
464.00 595.50
464.50 596.00
464.50 597.00
464.50 598.00
465.00 598.50
465.50 599.00
465.50 600.00
465.50 601.00
466.00 601.50
466.50 602.00
466.50 603.00
466.50 604.00
466.50 605.00
466.50 606.00
466.50 607.00
466.50 608.00
466.50 609.00
466.50 610.00
466.50 611.00
466.50 612.00
466.50 613.00
466.50 614.00
466.50 615.00
466.50 616.00
466.50 617.00
466.50 618.00
466.50 619.00
466.50 620.00
466.50 621.00
466.50 622.00
466.50 623.00
466.50 624.00
466.50 625.00
466.50 626.00
466.50 627.00
466.50 628.00
466.50 629.00
466.50 630.00
466.50 631.00
466.50 632.00
466.50 633.00
466.50 634.00
466.50 635.00
466.50 636.00
466.50 637.00
466.50 638.00
466.50 639.00
466.50 640.00
466.50 641.00
466.50 642.00
466.50 643.00
466.50 644.00
466.50 645.00
466.50 646.00
466.50 647.00
466.50 648.00
466.50 649.00
466.50 650.00
466.50 651.00
466.50 652.00
466.50 653.00
466.50 654.00
466.50 655.00
466.50 656.00
466.50 657.00
466.50 658.00
466.50 659.00
466.50 660.00
466.50 661.00
466.50 662.00
466.50 663.00
466.50 664.00
466.50 665.00
466.50 666.00
466.50 667.00
466.50 668.00
466.50 669.00
466.50 670.00
466.50 671.00
466.50 672.00
466.50 673.00
466.50 674.00
466.50 675.00
466.50 676.00
466.50 677.00
466.50 678.00
466.50 679.00
466.50 680.00
466.50 681.00
466.50 682.00
466.50 683.00
466.50 684.00
466.50 685.00
466.50 686.00
466.50 687.00
466.50 688.00
466.50 689.00
466.50 690.00
466.50 691.00
466.50 692.00
466.50 693.00
466.50 694.00
466.50 695.00
466.50 696.00
466.50 697.00
466.50 698.00
466.50 699.00
466.50 700.00
466.50 701.00
466.50 702.00
466.50 703.00
466.50 704.00
466.50 705.00
466.50 706.00
466.50 707.00
466.50 708.00
466.50 709.00
466.50 710.00
466.50 711.00
466.50 712.00
466.00 712.50
465.50 713.00
465.50 714.00
465.50 715.00
465.00 715.50
464.50 716.00
464.50 717.00
464.50 718.00
464.00 718.50
463.50 719.00
463.50 720.00
463.50 721.00
463.00 721.50
462.50 722.00
462.50 723.00
462.50 724.00
462.00 724.50
461.50 725.00
461.50 726.00
461.00 726.50
460.50 727.00
460.50 728.00
460.50 729.00
460.00 729.50
459.50 730.00
459.50 731.00
459.00 731.50
458.50 732.00
458.50 733.00
458.00 733.50
457.50 734.00
457.50 735.00
457.00 735.50
456.50 736.00
456.50 737.00
456.00 737.50
455.50 738.00
455.50 739.00
455.00 739.50
454.50 740.00
454.50 741.00
454.00 741.50
453.50 742.00
453.50 743.00
453.00 743.50
452.50 744.00
452.00 744.50
451.50 745.00
451.50 746.00
451.00 746.50
450.50 747.00
450.00 747.50
449.50 748.00
449.50 749.00
449.00 749.50
448.50 750.00
448.00 750.50
447.50 751.00
447.50 752.00
447.00 752.50
446.50 753.00
446.00 753.50
445.50 754.00
445.00 754.50
444.50 755.00
444.00 755.50
443.50 756.00
443.50 757.00
443.00 757.50
442.50 758.00
442.00 758.50
441.50 759.00
441.00 759.50
440.00 759.50
439.00 759.50
438.00 759.50
437.00 759.50
436.00 759.50
435.00 759.50
434.00 759.50
433.00 759.50
432.00 759.50
431.00 759.50
430.00 759.50
429.00 759.50
428.00 759.50
427.00 759.50
426.00 759.50
425.00 759.50
424.00 759.50
423.00 759.50
422.00 759.50
421.00 759.50
420.00 759.50
419.00 759.50
418.00 759.50
417.00 759.50
416.00 759.50
415.00 759.50
414.00 759.50
413.00 759.50
412.00 759.50
411.00 759.50
410.00 759.50
409.00 759.50
408.00 759.50
407.00 759.50
406.00 759.50
405.00 759.50
404.00 759.50
403.00 759.50
402.00 759.50
401.00 759.50
400.00 759.50
399.00 759.50
398.00 759.50
397.00 759.50
396.00 759.50
395.00 759.50
394.00 759.50
393.00 759.50
392.00 759.50
391.00 759.50
390.00 759.50
389.00 759.50
388.00 759.50
387.00 759.50
386.00 759.50
385.00 759.50
384.00 759.50
383.00 759.50
382.00 759.50
381.00 759.50
380.00 759.50
379.00 759.50
378.00 759.50
377.00 759.50
376.00 759.50
375.00 759.50
374.00 759.50
373.00 759.50
372.00 759.50
371.00 759.50
370.00 759.50
369.00 759.50
368.00 759.50
367.00 759.50
366.00 759.50
365.00 759.50
364.00 759.50
363.00 759.50
362.00 759.50
361.00 759.50
360.00 759.50
359.00 759.50
358.00 759.50
357.00 759.50
356.00 759.50
355.00 759.50
354.00 759.50
353.00 759.50
352.00 759.50
351.00 759.50
350.00 759.50
349.00 759.50
348.00 759.50
347.00 759.50
346.00 759.50
345.00 759.50
344.00 759.50
343.00 759.50
342.00 759.50
341.00 759.50
340.00 759.50
339.00 759.50
338.00 759.50
337.00 759.50
336.00 759.50
335.00 759.50
334.00 759.50
333.00 759.50
332.00 759.50
331.00 759.50
330.00 759.50
329.00 759.50
328.00 759.50
327.00 759.50
326.00 759.50
325.00 759.50
324.00 759.50
323.00 759.50
322.00 759.50
321.00 759.50
320.00 759.50
319.00 759.50
318.00 759.50
317.00 759.50
316.00 759.50
315.00 759.50
314.00 759.50
313.00 759.50
312.00 759.50
311.00 759.50
310.00 759.50
309.00 759.50
308.00 759.50
307.00 759.50
306.00 759.50
305.00 759.50
304.00 759.50
303.00 759.50
302.00 759.50
301.00 759.50
300.00 759.50
299.00 759.50
298.00 759.50
297.00 759.50
296.00 759.50
295.00 759.50
294.00 759.50
293.00 759.50
292.00 759.50
291.00 759.50
290.00 759.50
289.00 759.50
288.00 759.50
287.00 759.50
286.00 759.50
285.00 759.50
284.00 759.50
283.00 759.50
282.00 759.50
281.00 759.50
280.00 759.50
279.00 759.50
278.00 759.50
277.00 759.50
276.00 759.50
275.00 759.50
274.00 759.50
273.00 759.50
272.00 759.50
271.00 759.50
270.00 759.50
269.00 759.50
268.00 759.50
267.00 759.50
266.00 759.50
265.00 759.50
264.00 759.50
263.00 759.50
262.00 759.50
261.00 759.50
260.00 759.50
259.00 759.50
258.00 759.50
257.00 759.50
256.00 759.50
255.00 759.50
254.00 759.50
253.00 759.50
252.00 759.50
251.00 759.50
250.00 759.50
249.00 759.50
248.00 759.50
247.00 759.50
246.00 759.50
245.00 759.50
244.00 759.50
243.00 759.50
242.00 759.50
241.00 759.50
240.00 759.50
239.00 759.50
238.00 759.50
237.00 759.50
236.00 759.50
235.00 759.50
234.00 759.50
233.00 759.50
232.00 759.50
231.00 759.50
230.00 759.50
229.00 759.50
228.00 759.50
227.00 759.50
226.00 759.50
225.00 759.50
224.00 759.50
223.00 759.50
222.00 759.50
221.00 759.50
220.00 759.50
219.00 759.50
218.00 759.50
217.00 759.50
216.00 759.50
215.00 759.50
214.00 759.50
213.00 759.50
212.00 759.50
211.00 759.50
210.00 759.50
209.00 759.50
208.00 759.50
207.00 759.50
206.00 759.50
205.50 760.00
205.00 760.50
204.00 760.50
203.00 760.50
202.00 760.50
201.50 761.00
201.00 761.50
200.00 761.50
199.00 761.50
198.50 762.00
198.00 762.50
197.00 762.50
196.00 762.50
195.50 763.00
195.00 763.50
194.00 763.50
193.00 763.50
192.50 764.00
192.00 764.50
191.00 764.50
190.00 764.50
189.50 765.00
189.00 765.50
188.00 765.50
187.00 765.50
186.50 766.00
186.00 766.50
185.00 766.50
184.50 767.00
184.00 767.50
183.00 767.50
182.00 767.50
181.50 768.00
181.00 768.50
180.00 768.50
179.50 769.00
179.00 769.50
178.00 769.50
177.00 769.50
176.50 770.00
176.00 770.50
175.00 770.50
174.50 771.00
174.00 771.50
173.00 771.50
172.50 772.00
172.00 772.50
171.00 772.50
170.50 773.00
170.00 773.50
169.00 773.50
168.50 774.00
168.00 774.50
167.00 774.50
166.50 775.00
166.00 775.50
165.00 775.50
164.50 776.00
164.00 776.50
163.00 776.50
162.50 777.00
162.00 777.50
161.00 777.50
160.50 778.00
160.00 778.50
159.00 778.50
158.50 779.00
158.00 779.50
157.50 780.00
157.00 780.50
156.00 780.50
155.50 781.00
155.00 781.50
154.00 781.50
153.50 782.00
153.00 782.50
152.50 783.00
152.00 783.50
151.00 783.50
150.50 784.00
150.00 784.50
149.50 785.00
149.00 785.50
148.00 785.50
147.50 786.00
147.00 786.50
146.50 787.00
146.00 787.50
145.50 788.00
145.00 788.50
144.50 789.00
144.50 790.00
144.00 790.50
143.50 791.00
143.00 791.50
142.50 792.00
142.50 793.00
142.00 793.50
141.50 794.00
141.00 794.50
140.50 795.00
140.50 796.00
140.00 796.50
139.50 797.00
139.00 797.50
138.50 798.00
138.50 799.00
138.00 799.50
137.50 800.00
137.50 801.00
137.00 801.50
136.50 802.00
136.50 803.00
136.00 803.50
135.50 804.00
135.50 805.00
135.00 805.50
134.50 806.00
134.50 807.00
134.00 807.50
133.50 808.00
133.50 809.00
133.00 809.50
132.50 810.00
132.50 811.00
132.00 811.50
131.50 812.00
131.50 813.00
131.00 813.50
130.50 814.00
130.50 815.00
130.50 816.00
130.00 816.50
129.50 817.00
129.50 818.00
129.00 818.50
128.50 819.00
128.50 820.00
128.50 821.00
128.00 821.50
127.50 822.00
127.50 823.00
127.50 824.00
127.50 825.00
127.50 826.00
127.00 826.50
126.50 827.00
126.50 828.00
126.50 829.00
126.50 830.00
126.50 831.00
126.00 831.50
125.50 832.00
125.50 833.00
125.50 834.00
125.50 835.00
125.50 836.00
125.50 837.00
125.00 837.50
124.50 838.00
124.50 839.00
124.50 840.00
124.50 841.00
124.50 842.00
124.50 843.00
124.00 843.50
123.50 844.00
123.50 845.00
123.50 846.00
123.50 847.00
123.50 848.00
123.50 849.00
123.00 849.50
122.50 850.00
122.50 851.00
122.50 852.00
122.50 853.00
122.50 854.00
122.50 855.00
122.00 855.50
121.50 856.00
121.50 857.00
121.50 858.00
121.50 859.00
121.50 860.00
121.50 861.00
121.50 862.00
121.00 862.50
120.50 863.00
120.50 864.00
120.50 865.00
120.50 866.00
120.50 867.00
120.50 868.00
120.50 869.00
120.00 869.50
119.50 870.00
119.50 871.00
119.50 872.00
119.50 873.00
119.50 874.00
119.50 875.00
119.50 876.00
119.50 877.00
119.00 877.50
118.50 878.00
118.50 879.00
118.50 880.00
118.50 881.00
118.50 882.00
118.50 883.00
118.50 884.00
118.50 885.00
118.00 885.50
117.50 886.00
117.50 887.00
117.50 888.00
117.50 889.00
117.50 890.00
117.50 891.00
117.50 892.00
117.50 893.00
117.50 894.00
117.00 894.50
116.50 895.00
116.50 896.00
116.50 897.00
116.50 898.00
116.50 899.00
116.50 900.00
116.50 901.00
116.50 902.00
116.50 903.00
116.50 904.00
116.00 904.50
115.50 905.00
115.50 906.00
115.50 907.00
115.50 908.00
115.50 909.00
115.50 910.00
115.50 911.00
115.50 912.00
115.50 913.00
115.50 914.00
115.00 914.50
114.50 915.00
114.50 916.00
114.50 917.00
114.50 918.00
114.50 919.00
114.50 920.00
114.50 921.00
114.50 922.00
114.50 923.00
114.50 924.00
114.50 925.00
114.00 925.50
113.50 926.00
113.50 927.00
113.50 928.00
113.50 929.00
113.50 930.00
113.50 931.00
113.50 932.00
114.00 932.50
114.50 933.00
114.50 934.00
114.50 935.00
114.50 936.00
115.00 936.50
115.50 937.00
115.50 938.00
115.50 939.00
115.50 940.00
116.00 940.50
116.50 941.00
116.50 942.00
116.50 943.00
117.00 943.50
117.50 944.00
117.50 945.00
117.50 946.00
117.50 947.00
118.00 947.50
118.50 948.00
118.50 949.00
118.50 950.00
119.00 950.50
119.50 951.00
119.50 952.00
120.00 952.50
120.50 953.00
120.50 954.00
120.50 955.00
121.00 955.50
121.50 956.00
121.50 957.00
122.00 957.50
122.50 958.00
122.50 959.00
122.50 960.00
123.00 960.50
123.50 961.00
123.50 962.00
124.00 962.50
124.50 963.00
124.50 964.00
125.00 964.50
125.50 965.00
125.50 966.00
126.00 966.50
126.50 967.00
126.50 968.00
127.00 968.50
127.50 969.00
127.50 970.00
128.00 970.50
128.50 971.00
129.00 971.50
129.50 972.00
129.50 973.00
130.00 973.50
130.50 974.00
130.50 975.00
131.00 975.50
131.50 976.00
132.00 976.50
132.50 977.00
133.00 977.50
133.50 978.00
133.50 979.00
134.00 979.50
134.50 980.00
135.00 980.50
135.50 981.00
136.00 981.50
136.50 982.00
136.50 983.00
137.00 983.50
137.50 984.00
138.00 984.50
138.50 985.00
139.00 985.50
139.50 986.00
140.00 986.50
140.50 987.00
141.00 987.50
141.50 988.00
142.00 988.50
142.50 989.00
143.00 989.50
143.50 990.00
144.00 990.50
144.50 991.00
145.00 991.50
146.00 991.50
147.00 991.50
147.50 991.00
148.00 990.50
149.00 990.50
149.50 990.00
150.00 989.50
150.50 989.00
151.00 988.50
151.50 988.00
152.00 987.50
152.50 987.00
153.00 986.50
153.50 986.00
154.00 985.50
154.50 985.00
155.00 984.50
155.50 984.00
156.00 983.50
156.50 983.00
156.50 982.00
157.00 981.50
157.50 981.00
158.00 980.50
158.50 980.00
159.00 979.50
159.50 979.00
159.50 978.00
160.00 977.50
160.50 977.00
161.00 976.50
161.50 976.00
162.00 975.50
162.50 975.00
162.50 974.00
163.00 973.50
163.50 973.00
163.50 972.00
164.00 971.50
164.50 971.00
165.00 970.50
165.50 970.00
165.50 969.00
166.00 968.50
166.50 968.00
166.50 967.00
167.00 966.50
167.50 966.00
167.50 965.00
168.00 964.50
168.50 964.00
168.50 963.00
169.00 962.50
169.50 962.00
169.50 961.00
170.00 960.50
170.50 960.00
170.50 959.00
171.00 958.50
171.50 958.00
171.50 957.00
171.50 956.00
172.00 955.50
172.50 955.00
172.50 954.00
173.00 953.50
173.50 953.00
173.50 952.00
173.50 951.00
174.00 950.50
174.50 950.00
174.50 949.00
174.50 948.00
175.00 947.50
175.50 947.00
175.50 946.00
175.50 945.00
176.00 944.50
176.50 944.00
176.50 943.00
176.50 942.00
176.50 941.00
177.00 940.50
177.50 940.00
177.50 939.00
177.50 938.00
178.00 937.50
178.50 937.00
178.50 936.00
178.50 935.00
178.50 934.00
179.00 933.50
179.50 933.00
179.50 932.00
179.50 931.00
179.50 930.00
180.00 929.50
180.50 929.00
180.50 928.00
180.50 927.00
180.50 926.00
180.50 925.00
181.00 924.50
181.50 924.00
181.50 923.00
181.50 922.00
182.00 921.50
182.50 921.00
182.50 920.00
182.50 919.00
182.50 918.00
183.00 917.50
183.50 917.00
183.50 916.00
183.50 915.00
184.00 914.50
184.50 914.00
184.50 913.00
184.50 912.00
185.00 911.50
185.50 911.00
185.50 910.00
186.00 909.50
186.50 909.00
186.50 908.00
187.00 907.50
187.50 907.00
187.50 906.00
187.50 905.00
188.00 904.50
188.50 904.00
188.50 903.00
189.00 902.50
189.50 902.00
189.50 901.00
190.00 900.50
190.50 900.00
191.00 899.50
191.50 899.00
191.50 898.00
192.00 897.50
192.50 897.00
193.00 896.50
193.50 896.00
193.50 895.00
194.00 894.50
194.50 894.00
195.00 893.50
195.50 893.00
195.50 892.00
196.00 891.50
196.50 891.00
197.00 890.50
197.50 890.00
198.00 889.50
198.50 889.00
199.00 888.50
199.50 888.00
200.00 887.50
200.50 887.00
201.00 886.50
201.50 886.00
202.00 885.50
202.50 885.00
203.00 884.50
204.00 884.50
204.50 884.00
205.00 883.50
205.50 884.00
206.00 884.50
206.50 885.00
207.00 885.50
207.50 886.00
208.00 886.50
208.50 887.00
209.00 887.50
209.50 888.00
210.00 888.50
210.50 889.00
211.00 889.50
211.50 890.00
211.50 891.00
212.00 891.50
212.50 892.00
213.00 892.50
213.50 893.00
214.00 893.50
214.50 894.00
214.50 895.00
215.00 895.50
215.50 896.00
216.00 896.50
216.50 897.00
216.50 898.00
217.00 898.50
217.50 899.00
217.50 900.00
218.00 900.50
218.50 901.00
219.00 901.50
219.50 902.00
219.50 903.00
220.00 903.50
220.50 904.00
220.50 905.00
221.00 905.50
221.50 906.00
221.50 907.00
222.00 907.50
222.50 908.00
222.50 909.00
223.00 909.50
223.50 910.00
223.50 911.00
223.50 912.00
224.00 912.50
224.50 913.00
224.50 914.00
225.00 914.50
225.50 915.00
225.50 916.00
226.00 916.50
226.50 917.00
226.50 918.00
226.50 919.00
227.00 919.50
227.50 920.00
227.50 921.00
227.50 922.00
228.00 922.50
228.50 923.00
228.50 924.00
229.00 924.50
229.50 925.00
229.50 926.00
229.50 927.00
229.50 928.00
230.00 928.50
230.50 929.00
230.50 930.00
230.50 931.00
231.00 931.50
231.50 932.00
231.50 933.00
231.50 934.00
231.50 935.00
232.00 935.50
232.50 936.00
232.50 937.00
232.50 938.00
232.50 939.00
233.00 939.50
233.50 940.00
233.50 941.00
233.50 942.00
234.00 942.50
234.50 943.00
234.50 944.00
234.50 945.00
235.00 945.50
235.50 946.00
235.50 947.00
235.50 948.00
236.00 948.50
236.50 949.00
236.50 950.00
236.50 951.00
237.00 951.50
237.50 952.00
237.50 953.00
237.50 954.00
238.00 954.50
238.50 955.00
238.50 956.00
239.00 956.50
239.50 957.00
239.50 958.00
239.50 959.00
240.00 959.50
240.50 960.00
240.50 961.00
241.00 961.50
241.50 962.00
241.50 963.00
242.00 963.50
242.50 964.00
242.50 965.00
243.00 965.50
243.50 966.00
243.50 967.00
244.00 967.50
244.50 968.00
244.50 969.00
245.00 969.50
245.50 970.00
245.50 971.00
246.00 971.50
246.50 972.00
247.00 972.50
247.50 973.00
247.50 974.00
248.00 974.50
248.50 975.00
249.00 975.50
249.50 976.00
249.50 977.00
250.00 977.50
250.50 978.00
251.00 978.50
251.50 979.00
252.00 979.50
252.50 980.00
252.50 981.00
253.00 981.50
253.50 982.00
254.00 982.50
254.50 983.00
255.00 983.50
255.50 984.00
256.00 984.50
256.50 985.00
257.00 985.50
257.50 986.00
258.00 986.50
258.50 987.00
259.00 987.50
259.50 988.00
260.00 988.50
260.50 989.00
261.00 989.50
261.50 990.00
262.00 990.50
262.50 991.00
263.00 991.50
263.50 992.00
264.00 992.50
265.00 992.50
266.00 992.50
267.00 992.50
268.00 992.50
269.00 992.50
270.00 992.50
271.00 992.50
272.00 992.50
272.50 993.00
273.00 993.50
274.00 993.50
275.00 993.50
276.00 993.50
277.00 993.50
278.00 993.50
279.00 993.50
279.50 994.00
280.00 994.50
281.00 994.50
282.00 994.50
282.50 995.00
283.00 995.50
284.00 995.50
285.00 995.50
285.50 996.00
286.00 996.50
286.50 997.00
287.00 997.50
287.50 998.00
288.00 998.50
288.50 999.00
289.00 999.50
289.50 1000.00
290.00 1000.50
290.50 1001.00
290.50 1002.00
291.00 1002.50
291.50 1003.00
291.50 1004.00
291.50 1005.00
292.00 1005.50
292.50 1006.00
292.50 1007.00
292.50 1008.00
292.50 1009.00
292.50 1010.00
293.00 1010.50
293.50 1011.00
293.50 1012.00
293.50 1013.00
293.50 1014.00
293.50 1015.00
293.50 1016.00
293.50 1017.00
293.50 1018.00
293.50 1019.00
293.50 1020.00
293.50 1021.00
294.00 1021.50
294.50 1022.00
294.50 1023.00
294.50 1024.00
294.50 1025.00
294.50 1026.00
294.50 1027.00
294.50 1028.00
294.50 1029.00
294.50 1030.00
294.50 1031.00
294.50 1032.00
294.50 1033.00
294.50 1034.00
294.50 1035.00
294.50 1036.00
294.50 1037.00
294.50 1038.00
294.50 1039.00
294.50 1040.00
294.50 1041.00
295.00 1041.50
295.50 1042.00
295.50 1043.00
295.50 1044.00
296.00 1044.50
296.50 1045.00
296.50 1046.00
296.50 1047.00
297.00 1047.50
297.50 1048.00
297.50 1049.00
297.50 1050.00
298.00 1050.50
298.50 1051.00
298.50 1052.00
298.50 1053.00
299.00 1053.50
299.50 1054.00
299.50 1055.00
299.50 1056.00
300.00 1056.50
300.50 1057.00
300.50 1058.00
301.00 1058.50
301.50 1059.00
301.50 1060.00
301.50 1061.00
302.00 1061.50
302.50 1062.00
302.50 1063.00
303.00 1063.50
303.50 1064.00
303.50 1065.00
304.00 1065.50
304.50 1066.00
304.50 1067.00
305.00 1067.50
305.50 1068.00
305.50 1069.00
306.00 1069.50
306.50 1070.00
306.50 1071.00
307.00 1071.50
307.50 1072.00
307.50 1073.00
308.00 1073.50
308.50 1074.00
308.50 1075.00
309.00 1075.50
309.50 1076.00
310.00 1076.50
310.50 1077.00
310.50 1078.00
311.00 1078.50
311.50 1079.00
312.00 1079.50
312.50 1080.00
312.50 1081.00
313.00 1081.50
313.50 1082.00
314.00 1082.50
314.50 1083.00
315.00 1083.50
315.50 1084.00
315.50 1085.00
316.00 1085.50
316.50 1086.00
317.00 1086.50
317.50 1087.00
318.00 1087.50
318.50 1088.00
319.00 1088.50
319.50 1089.00
320.00 1089.50
320.50 1090.00
321.00 1090.50
321.50 1091.00
322.00 1091.50
322.50 1092.00
323.00 1092.50
323.50 1092.00
324.00 1091.50
324.50 1091.00
325.00 1090.50
325.50 1090.00
326.00 1089.50
326.50 1089.00
327.00 1088.50
327.50 1088.00
328.00 1087.50
328.50 1087.00
329.00 1086.50
329.50 1086.00
330.00 1085.50
330.50 1085.00
331.00 1084.50
331.50 1084.00
331.50 1083.00
332.00 1082.50
332.50 1082.00
333.00 1081.50
333.50 1081.00
334.00 1080.50
334.50 1080.00
334.50 1079.00
335.00 1078.50
335.50 1078.00
336.00 1077.50
336.50 1077.00
336.50 1076.00
337.00 1075.50
337.50 1075.00
338.00 1074.50
338.50 1074.00
338.50 1073.00
339.00 1072.50
339.50 1072.00
339.50 1071.00
340.00 1070.50
340.50 1070.00
341.00 1069.50
341.50 1069.00
341.50 1068.00
342.00 1067.50
342.50 1067.00
342.50 1066.00
343.00 1065.50
343.50 1065.00
343.50 1064.00
344.00 1063.50
344.50 1063.00
344.50 1062.00
345.00 1061.50
345.50 1061.00
345.50 1060.00
345.50 1059.00
346.00 1058.50
346.50 1058.00
346.50 1057.00
347.00 1056.50
347.50 1056.00
347.50 1055.00
347.50 1054.00
348.00 1053.50
348.50 1053.00
348.50 1052.00
349.00 1051.50
349.50 1051.00
349.50 1050.00
349.50 1049.00
350.00 1048.50
350.50 1048.00
350.50 1047.00
350.50 1046.00
351.00 1045.50
351.50 1045.00
351.50 1044.00
351.50 1043.00
352.00 1042.50
352.50 1042.00
352.50 1041.00
352.50 1040.00
352.50 1039.00
352.50 1038.00
352.50 1037.00
352.50 1036.00
352.50 1035.00
352.50 1034.00
352.50 1033.00
352.50 1032.00
352.50 1031.00
352.50 1030.00
352.50 1029.00
352.50 1028.00
352.50 1027.00
352.50 1026.00
352.50 1025.00
352.50 1024.00
352.50 1023.00
352.50 1022.00
352.50 1021.00
352.50 1020.00
352.50 1019.00
352.50 1018.00
352.50 1017.00
352.50 1016.00
352.50 1015.00
352.00 1014.50
351.50 1014.00
351.50 1013.00
351.50 1012.00
351.50 1011.00
351.50 1010.00
351.50 1009.00
351.50 1008.00
351.50 1007.00
351.50 1006.00
351.50 1005.00
351.50 1004.00
351.50 1003.00
351.50 1002.00
351.00 1001.50
350.50 1001.00
350.50 1000.00
350.50 999.00
350.50 998.00
350.50 997.00
350.00 996.50
349.50 996.00
349.50 995.00
349.00 994.50
348.50 994.00
348.00 993.50
347.50 993.00
347.00 992.50
346.50 992.00
346.00 991.50
345.50 991.00
345.00 990.50
344.00 990.50
343.00 990.50
342.50 990.00
342.00 989.50
341.00 989.50
340.00 989.50
339.00 989.50
338.00 989.50
337.00 989.50
336.50 989.00
336.00 988.50
335.00 988.50
334.00 988.50
333.00 988.50
332.00 988.50
331.00 988.50
330.00 988.50
329.00 988.50
328.00 988.50
327.00 988.50
326.00 988.50
325.00 988.50
324.00 988.50
323.00 988.50
322.00 988.50
321.50 988.00
321.00 987.50
320.00 987.50
319.00 987.50
318.00 987.50
317.00 987.50
316.00 987.50
315.00 987.50
314.00 987.50
313.50 987.00
313.00 986.50
312.00 986.50
311.00 986.50
310.00 986.50
309.50 986.00
309.00 985.50
308.00 985.50
307.50 985.00
307.00 984.50
306.00 984.50
305.50 984.00
305.00 983.50
304.50 983.00
304.00 982.50
303.50 982.00
303.00 981.50
302.50 981.00
302.00 980.50
301.50 980.00
301.50 979.00
301.00 978.50
300.50 978.00
300.50 977.00
300.50 976.00
300.00 975.50
299.50 975.00
299.50 974.00
299.50 973.00
299.50 972.00
299.50 971.00
299.00 970.50
298.50 970.00
298.50 969.00
298.50 968.00
298.50 967.00
298.50 966.00
298.50 965.00
298.50 964.00
298.50 963.00
298.50 962.00
298.50 961.00
298.00 960.50
297.50 960.00
297.50 959.00
297.50 958.00
297.50 957.00
297.50 956.00
297.50 955.00
297.50 954.00
297.50 953.00
297.50 952.00
297.50 951.00
297.50 950.00
297.50 949.00
297.50 948.00
297.50 947.00
297.50 946.00
297.50 945.00
297.50 944.00
297.50 943.00
297.50 942.00
297.50 941.00
297.50 940.00
297.50 939.00
297.50 938.00
297.50 937.00
297.50 936.00
297.50 935.00
297.50 934.00
297.50 933.00
297.50 932.00
297.50 931.00
297.50 930.00
297.50 929.00
297.50 928.00
298.00 927.50
298.50 927.00
298.50 926.00
298.50 925.00
299.00 924.50
299.50 924.00
299.50 923.00
299.50 922.00
300.00 921.50
300.50 921.00
300.50 920.00
300.50 919.00
301.00 918.50
301.50 918.00
301.50 917.00
302.00 916.50
302.50 916.00
302.50 915.00
302.50 914.00
303.00 913.50
303.50 913.00
303.50 912.00
304.00 911.50
304.50 911.00
304.50 910.00
305.00 909.50
305.50 909.00
305.50 908.00
306.00 907.50
306.50 907.00
306.50 906.00
307.00 905.50
307.50 905.00
307.50 904.00
308.00 903.50
308.50 903.00
308.50 902.00
309.00 901.50
309.50 901.00
309.50 900.00
310.00 899.50
310.50 899.00
311.00 898.50
311.50 898.00
311.50 897.00
312.00 896.50
312.50 896.00
313.00 895.50
313.50 895.00
313.50 894.00
314.00 893.50
314.50 893.00
315.00 892.50
315.50 892.00
315.50 891.00
316.00 890.50
316.50 890.00
317.00 889.50
317.50 889.00
318.00 888.50
318.50 888.00
318.50 887.00
319.00 886.50
319.50 886.00
320.00 885.50
320.50 885.00
321.00 884.50
321.50 884.00
322.00 883.50
323.00 883.50
324.00 883.50
324.50 884.00
325.00 884.50
325.50 885.00
326.00 885.50
326.50 886.00
327.00 886.50
327.50 887.00
328.00 887.50
328.50 888.00
329.00 888.50
329.50 889.00
330.00 889.50
330.50 890.00
331.00 890.50
331.50 891.00
332.00 891.50
332.50 892.00
332.50 893.00
333.00 893.50
333.50 894.00
334.00 894.50
334.50 895.00
335.00 895.50
335.50 896.00
336.00 896.50
336.50 897.00
336.50 898.00
337.00 898.50
337.50 899.00
338.00 899.50
338.50 900.00
338.50 901.00
339.00 901.50
339.50 902.00
340.00 902.50
340.50 903.00
340.50 904.00
341.00 904.50
341.50 905.00
342.00 905.50
342.50 906.00
342.50 907.00
343.00 907.50
343.50 908.00
343.50 909.00
344.00 909.50
344.50 910.00
344.50 911.00
345.00 911.50
345.50 912.00
346.00 912.50
346.50 913.00
346.50 914.00
347.00 914.50
347.50 915.00
347.50 916.00
347.50 917.00
348.00 917.50
348.50 918.00
348.50 919.00
349.00 919.50
349.50 920.00
349.50 921.00
350.00 921.50
350.50 922.00
350.50 923.00
351.00 923.50
351.50 924.00
351.50 925.00
351.50 926.00
352.00 926.50
352.50 927.00
352.50 928.00
353.00 928.50
353.50 929.00
353.50 930.00
353.50 931.00
353.50 932.00
353.50 933.00
353.50 934.00
353.50 935.00
353.50 936.00
353.50 937.00
353.50 938.00
353.50 939.00
353.50 940.00
353.50 941.00
353.50 942.00
353.50 943.00
353.50 944.00
353.50 945.00
353.50 946.00
353.50 947.00
353.50 948.00
353.50 949.00
353.50 950.00
353.50 951.00
354.00 951.50
354.50 952.00
354.50 953.00
354.50 954.00
354.50 955.00
354.50 956.00
354.50 957.00
354.50 958.00
354.50 959.00
354.50 960.00
354.50 961.00
354.50 962.00
354.50 963.00
354.50 964.00
354.50 965.00
354.50 966.00
354.50 967.00
354.50 968.00
354.50 969.00
354.50 970.00
355.00 970.50
355.50 971.00
355.50 972.00
355.50 973.00
355.50 974.00
355.50 975.00
355.50 976.00
356.00 976.50
356.50 977.00
356.50 978.00
356.50 979.00
357.00 979.50
357.50 980.00
358.00 980.50
358.50 981.00
359.00 981.50
359.50 982.00
360.00 982.50
360.50 983.00
361.00 983.50
362.00 983.50
363.00 983.50
363.50 984.00
364.00 984.50
365.00 984.50
366.00 984.50
367.00 984.50
367.50 985.00
368.00 985.50
369.00 985.50
370.00 985.50
371.00 985.50
372.00 985.50
373.00 985.50
374.00 985.50
375.00 985.50
376.00 985.50
377.00 985.50
378.00 985.50
379.00 985.50
380.00 985.50
380.50 986.00
381.00 986.50
382.00 986.50
382.50 987.00
383.00 987.50
383.50 988.00
383.50 989.00
384.00 989.50
384.50 990.00
385.00 990.50
385.50 991.00
385.50 992.00
386.00 992.50
386.50 993.00
387.00 993.50
387.50 994.00
387.50 995.00
388.00 995.50
388.50 996.00
388.50 997.00
389.00 997.50
389.50 998.00
390.00 998.50
390.50 999.00
390.50 1000.00
391.00 1000.50
391.50 1001.00
391.50 1002.00
392.00 1002.50
392.50 1003.00
392.50 1004.00
393.00 1004.50
393.50 1005.00
393.50 1006.00
394.00 1006.50
394.50 1007.00
394.50 1008.00
395.00 1008.50
395.50 1009.00
395.50 1010.00
395.50 1011.00
396.00 1011.50
396.50 1012.00
396.50 1013.00
397.00 1013.50
397.50 1014.00
397.50 1015.00
397.50 1016.00
398.00 1016.50
398.50 1017.00
398.50 1018.00
399.00 1018.50
399.50 1019.00
399.50 1020.00
399.50 1021.00
400.00 1021.50
400.50 1022.00
400.50 1023.00
400.50 1024.00
401.00 1024.50
401.50 1025.00
401.50 1026.00
401.50 1027.00
402.00 1027.50
402.50 1028.00
402.50 1029.00
402.50 1030.00
403.00 1030.50
403.50 1031.00
403.50 1032.00
403.50 1033.00
404.00 1033.50
404.50 1034.00
404.50 1035.00
404.50 1036.00
404.50 1037.00
405.00 1037.50
405.50 1038.00
405.50 1039.00
405.50 1040.00
405.50 1041.00
406.00 1041.50
406.50 1042.00
406.50 1043.00
406.50 1044.00
406.50 1045.00
407.00 1045.50
407.50 1046.00
407.50 1047.00
407.50 1048.00
408.00 1048.50
408.50 1049.00
408.50 1050.00
408.50 1051.00
408.50 1052.00
409.00 1052.50
409.50 1053.00
409.50 1054.00
409.50 1055.00
410.00 1055.50
410.50 1056.00
410.50 1057.00
410.50 1058.00
411.00 1058.50
411.50 1059.00
411.50 1060.00
412.00 1060.50
412.50 1061.00
412.50 1062.00
412.50 1063.00
413.00 1063.50
413.50 1064.00
413.50 1065.00
414.00 1065.50
414.50 1066.00
414.50 1067.00
414.50 1068.00
415.00 1068.50
415.50 1069.00
415.50 1070.00
416.00 1070.50
416.50 1071.00
416.50 1072.00
417.00 1072.50
417.50 1073.00
417.50 1074.00
418.00 1074.50
418.50 1075.00
418.50 1076.00
419.00 1076.50
419.50 1077.00
419.50 1078.00
420.00 1078.50
420.50 1079.00
421.00 1079.50
421.50 1080.00
421.50 1081.00
422.00 1081.50
422.50 1082.00
422.50 1083.00
423.00 1083.50
423.50 1084.00
424.00 1084.50
424.50 1085.00
425.00 1085.50
425.50 1086.00
425.50 1087.00
426.00 1087.50
426.50 1088.00
427.00 1088.50
427.50 1089.00
428.00 1089.50
428.50 1090.00
428.50 1091.00
429.00 1091.50
429.50 1092.00
430.00 1092.50
430.50 1093.00
431.00 1093.50
431.50 1094.00
432.00 1094.50
432.50 1095.00
433.00 1095.50
433.50 1096.00
434.00 1096.50
434.50 1097.00
435.00 1097.50
435.50 1098.00
436.00 1098.50
436.50 1099.00
437.00 1099.50
437.50 1100.00
438.00 1100.50
439.00 1100.50
439.50 1101.00
440.00 1101.50
441.00 1101.50
442.00 1101.50
443.00 1101.50
444.00 1101.50
445.00 1101.50
446.00 1101.50
447.00 1101.50
448.00 1101.50
449.00 1101.50
450.00 1101.50
451.00 1101.50
452.00 1101.50
453.00 1101.50
454.00 1101.50
455.00 1101.50
456.00 1101.50
457.00 1101.50
458.00 1101.50
459.00 1101.50
460.00 1101.50
461.00 1101.50
462.00 1101.50
463.00 1101.50
464.00 1101.50
465.00 1101.50
466.00 1101.50
467.00 1101.50
468.00 1101.50
469.00 1101.50
470.00 1101.50
471.00 1101.50
472.00 1101.50
473.00 1101.50
474.00 1101.50
475.00 1101.50
476.00 1101.50
477.00 1101.50
478.00 1101.50
479.00 1101.50
480.00 1101.50
481.00 1101.50
482.00 1101.50
483.00 1101.50
484.00 1101.50
485.00 1101.50
486.00 1101.50
487.00 1101.50
488.00 1101.50
489.00 1101.50
490.00 1101.50
491.00 1101.50
492.00 1101.50
493.00 1101.50
494.00 1101.50
495.00 1101.50
496.00 1101.50
497.00 1101.50
498.00 1101.50
499.00 1101.50
500.00 1101.50
501.00 1101.50
502.00 1101.50
503.00 1101.50
504.00 1101.50
505.00 1101.50
506.00 1101.50
507.00 1101.50
508.00 1101.50
509.00 1101.50
510.00 1101.50
511.00 1101.50
512.00 1101.50
513.00 1101.50
514.00 1101.50
515.00 1101.50
516.00 1101.50
517.00 1101.50
518.00 1101.50
519.00 1101.50
520.00 1101.50
521.00 1101.50
522.00 1101.50
523.00 1101.50
524.00 1101.50
525.00 1101.50
526.00 1101.50
527.00 1101.50
528.00 1101.50
529.00 1101.50
530.00 1101.50
531.00 1101.50
532.00 1101.50
533.00 1101.50
534.00 1101.50
535.00 1101.50
536.00 1101.50
537.00 1101.50
538.00 1101.50
539.00 1101.50
540.00 1101.50
541.00 1101.50
542.00 1101.50
543.00 1101.50
544.00 1101.50
545.00 1101.50
546.00 1101.50
547.00 1101.50
548.00 1101.50
549.00 1101.50
550.00 1101.50
551.00 1101.50
552.00 1101.50
553.00 1101.50
554.00 1101.50
555.00 1101.50
556.00 1101.50
557.00 1101.50
558.00 1101.50
558.50 1101.00
559.00 1100.50
560.00 1100.50
560.50 1100.00
561.00 1099.50
561.50 1099.00
562.00 1098.50
562.50 1098.00
563.00 1097.50
563.50 1097.00
564.00 1096.50
564.50 1096.00
565.00 1095.50
565.50 1095.00
566.00 1094.50
566.50 1094.00
567.00 1093.50
567.50 1093.00
567.50 1092.00
568.00 1091.50
568.50 1091.00
569.00 1090.50
569.50 1090.00
570.00 1089.50
570.50 1089.00
571.00 1088.50
571.50 1088.00
571.50 1087.00
572.00 1086.50
572.50 1086.00
573.00 1085.50
573.50 1085.00
573.50 1084.00
574.00 1083.50
574.50 1083.00
575.00 1082.50
575.50 1082.00
575.50 1081.00
576.00 1080.50
576.50 1080.00
576.50 1079.00
577.00 1078.50
577.50 1078.00
577.50 1077.00
578.00 1076.50
578.50 1076.00
578.50 1075.00
579.00 1074.50
579.50 1074.00
579.50 1073.00
580.00 1072.50
580.50 1072.00
580.50 1071.00
581.00 1070.50
581.50 1070.00
581.50 1069.00
582.00 1068.50
582.50 1068.00
582.50 1067.00
583.00 1066.50
583.50 1066.00
583.50 1065.00
583.50 1064.00
584.00 1063.50
584.50 1063.00
584.50 1062.00
584.50 1061.00
585.00 1060.50
585.50 1060.00
585.50 1059.00
585.50 1058.00
586.00 1057.50
586.50 1057.00
586.50 1056.00
586.50 1055.00
587.00 1054.50
587.50 1054.00
587.50 1053.00
587.50 1052.00
588.00 1051.50
588.50 1051.00
588.50 1050.00
588.50 1049.00
588.50 1048.00
589.00 1047.50
589.50 1047.00
589.50 1046.00
589.50 1045.00
590.00 1044.50
590.50 1044.00
590.50 1043.00
590.50 1042.00
590.50 1041.00
590.50 1040.00
590.50 1039.00
590.50 1038.00
590.50 1037.00
590.50 1036.00
590.50 1035.00
590.50 1034.00
590.50 1033.00
590.50 1032.00
590.50 1031.00
590.50 1030.00
590.50 1029.00
590.50 1028.00
590.50 1027.00
590.50 1026.00
590.50 1025.00
590.50 1024.00
590.50 1023.00
590.50 1022.00
590.50 1021.00
590.50 1020.00
590.50 1019.00
590.50 1018.00
590.50 1017.00
590.50 1016.00
590.50 1015.00
590.50 1014.00
590.50 1013.00
590.50 1012.00
590.50 1011.00
590.50 1010.00
590.50 1009.00
590.50 1008.00
590.50 1007.00
590.50 1006.00
590.50 1005.00
590.50 1004.00
590.50 1003.00
590.50 1002.00
590.50 1001.00
590.50 1000.00
590.50 999.00
590.50 998.00
590.50 997.00
590.50 996.00
590.50 995.00
590.50 994.00
590.50 993.00
590.50 992.00
590.50 991.00
590.50 990.00
590.50 989.00
590.50 988.00
590.50 987.00
590.50 986.00
590.50 985.00
590.50 984.00
590.50 983.00
590.50 982.00
590.50 981.00
590.50 980.00
590.50 979.00
590.50 978.00
590.50 977.00
590.50 976.00
590.50 975.00
590.50 974.00
590.50 973.00
590.50 972.00
590.50 971.00
590.50 970.00
590.50 969.00
590.50 968.00
590.50 967.00
590.50 966.00
590.50 965.00
590.50 964.00
590.50 963.00
590.50 962.00
590.50 961.00
590.50 960.00
590.50 959.00
590.50 958.00
590.50 957.00
590.50 956.00
590.50 955.00
590.50 954.00
590.50 953.00
590.50 952.00
590.50 951.00
590.50 950.00
590.50 949.00
590.50 948.00
590.50 947.00
590.50 946.00
590.50 945.00
590.50 944.00
590.50 943.00
590.50 942.00
590.50 941.00
590.50 940.00
590.50 939.00
590.50 938.00
590.50 937.00
590.50 936.00
590.50 935.00
590.50 934.00
590.50 933.00
590.50 932.00
590.50 931.00
590.50 930.00
590.50 929.00
590.50 928.00
590.50 927.00
590.50 926.00
590.50 925.00
590.50 924.00
590.50 923.00
590.50 922.00
590.50 921.00
590.50 920.00
590.50 919.00
590.50 918.00
590.50 917.00
590.50 916.00
590.50 915.00
590.50 914.00
590.50 913.00
590.50 912.00
590.50 911.00
590.50 910.00
590.50 909.00
590.50 908.00
590.50 907.00
590.50 906.00
590.50 905.00
590.50 904.00
590.50 903.00
590.50 902.00
590.50 901.00
590.50 900.00
590.50 899.00
590.50 898.00
590.50 897.00
590.50 896.00
590.50 895.00
590.50 894.00
590.50 893.00
590.50 892.00
590.50 891.00
590.50 890.00
590.50 889.00
590.50 888.00
590.50 887.00
590.50 886.00
590.50 885.00
590.50 884.00
590.50 883.00
590.50 882.00
590.50 881.00
590.50 880.00
590.50 879.00
590.50 878.00
590.50 877.00
590.50 876.00
590.50 875.00
590.50 874.00
590.50 873.00
590.50 872.00
590.50 871.00
590.50 870.00
590.50 869.00
590.50 868.00
590.50 867.00
590.50 866.00
590.50 865.00
590.50 864.00
590.50 863.00
590.50 862.00
590.50 861.00
590.50 860.00
590.50 859.00
590.50 858.00
590.50 857.00
590.50 856.00
590.50 855.00
590.50 854.00
590.50 853.00
590.50 852.00
590.50 851.00
590.50 850.00
590.50 849.00
590.50 848.00
590.50 847.00
590.50 846.00
590.50 845.00
590.50 844.00
590.50 843.00
590.50 842.00
590.50 841.00
590.50 840.00
590.50 839.00
590.50 838.00
590.50 837.00
590.50 836.00
590.50 835.00
590.50 834.00
590.50 833.00
590.50 832.00
590.50 831.00
590.50 830.00
590.50 829.00
590.50 828.00
590.50 827.00
590.50 826.00
590.50 825.00
590.50 824.00
590.50 823.00
590.50 822.00
590.50 821.00
590.50 820.00
590.50 819.00
590.50 818.00
590.50 817.00
590.50 816.00
590.50 815.00
590.50 814.00
590.50 813.00
590.50 812.00
590.50 811.00
590.50 810.00
590.50 809.00
590.50 808.00
590.50 807.00
590.50 806.00
590.50 805.00
590.50 804.00
590.50 803.00
590.50 802.00
590.50 801.00
590.50 800.00
590.50 799.00
590.50 798.00
590.50 797.00
590.50 796.00
590.50 795.00
590.50 794.00
590.50 793.00
590.50 792.00
590.50 791.00
590.50 790.00
590.50 789.00
590.50 788.00
590.50 787.00
590.50 786.00
590.50 785.00
590.50 784.00
590.50 783.00
590.50 782.00
590.50 781.00
590.50 780.00
590.50 779.00
590.50 778.00
590.50 777.00
590.50 776.00
590.50 775.00
590.50 774.00
590.50 773.00
590.50 772.00
590.50 771.00
590.50 770.00
590.50 769.00
590.50 768.00
590.50 767.00
590.50 766.00
590.50 765.00
590.50 764.00
590.50 763.00
590.50 762.00
590.50 761.00
590.50 760.00
590.50 759.00
590.50 758.00
590.50 757.00
590.50 756.00
590.50 755.00
590.50 754.00
590.50 753.00
590.50 752.00
590.50 751.00
590.50 750.00
590.50 749.00
590.50 748.00
590.50 747.00
590.50 746.00
590.50 745.00
590.50 744.00
590.50 743.00
590.50 742.00
590.50 741.00
590.50 740.00
590.50 739.00
590.50 738.00
590.50 737.00
590.50 736.00
590.50 735.00
590.50 734.00
590.50 733.00
590.50 732.00
590.50 731.00
590.50 730.00
590.50 729.00
590.50 728.00
590.50 727.00
590.50 726.00
590.50 725.00
590.50 724.00
590.50 723.00
590.50 722.00
590.50 721.00
590.50 720.00
590.50 719.00
590.50 718.00
590.50 717.00
590.50 716.00
590.50 715.00
590.50 714.00
590.50 713.00
590.50 712.00
590.50 711.00
590.50 710.00
590.50 709.00
590.50 708.00
590.00 707.50
589.50 707.00
589.50 706.00
589.50 705.00
589.50 704.00
589.00 703.50
588.50 703.00
588.50 702.00
588.50 701.00
588.50 700.00
588.00 699.50
587.50 699.00
587.50 698.00
587.50 697.00
587.00 696.50
586.50 696.00
586.50 695.00
586.50 694.00
586.50 693.00
586.00 692.50
585.50 692.00
585.50 691.00
585.50 690.00
585.00 689.50
584.50 689.00
584.50 688.00
584.50 687.00
584.00 686.50
583.50 686.00
583.50 685.00
583.00 684.50
582.50 684.00
582.50 683.00
582.50 682.00
582.00 681.50
581.50 681.00
581.50 680.00
581.00 679.50
580.50 679.00
580.50 678.00
580.50 677.00
580.00 676.50
579.50 676.00
579.50 675.00
579.00 674.50
578.50 674.00
578.50 673.00
578.00 672.50
577.50 672.00
577.50 671.00
577.00 670.50
576.50 670.00
576.50 669.00
576.00 668.50
575.50 668.00
575.50 667.00
575.00 666.50
574.50 666.00
574.00 665.50
573.50 665.00
573.50 664.00
573.00 663.50
572.50 663.00
572.00 662.50
571.50 662.00
571.50 661.00
571.00 660.50
570.50 660.00
570.00 659.50
569.50 659.00
569.50 658.00
569.00 657.50
568.50 657.00
568.00 656.50
567.50 656.00
567.00 655.50
566.50 655.00
566.00 654.50
565.50 654.00
565.50 653.00
565.00 652.50
564.50 652.00
564.00 651.50
563.50 651.00
563.00 650.50
562.50 650.00
562.00 649.50
561.50 649.00
561.00 648.50
560.50 648.00
560.00 647.50
559.50 647.00
559.00 646.50
558.50 646.00
558.00 645.50
557.50 645.00
557.00 644.50
556.50 644.00
556.00 643.50
555.50 643.00
555.00 642.50
554.50 642.00
554.00 641.50
553.50 641.00
553.50 640.00
553.00 639.50
552.50 639.00
552.00 638.50
551.50 638.00
551.00 637.50
550.50 637.00
550.50 636.00
550.00 635.50
549.50 635.00
549.00 634.50
548.50 634.00
548.50 633.00
548.00 632.50
547.50 632.00
547.50 631.00
547.00 630.50
546.50 630.00
546.00 629.50
545.50 629.00
545.50 628.00
545.00 627.50
544.50 627.00
544.50 626.00
544.00 625.50
543.50 625.00
543.50 624.00
543.00 623.50
542.50 623.00
542.50 622.00
542.00 621.50
541.50 621.00
541.50 620.00
541.00 619.50
540.50 619.00
540.50 618.00
540.50 617.00
540.00 616.50
539.50 616.00
539.50 615.00
539.00 614.50
538.50 614.00
538.50 613.00
538.00 612.50
537.50 612.00
537.50 611.00
537.50 610.00
537.00 609.50
536.50 609.00
536.50 608.00
536.50 607.00
536.00 606.50
535.50 606.00
535.50 605.00
535.50 604.00
535.00 603.50
534.50 603.00
534.50 602.00
534.50 601.00
534.50 600.00
534.50 599.00
534.50 598.00
534.50 597.00
534.50 596.00
534.50 595.00
534.50 594.00
534.50 593.00
534.50 592.00
534.50 591.00
534.50 590.00
534.50 589.00
534.50 588.00
534.50 587.00
534.50 586.00
534.50 585.00
534.50 584.00
534.50 583.00
534.50 582.00
534.50 581.00
534.00 580.50
533.50 580.00
533.50 579.00
533.50 578.00
533.50 577.00
533.50 576.00
533.50 575.00
533.50 574.00
533.50 573.00
533.50 572.00
533.50 571.00
533.50 570.00
533.50 569.00
533.50 568.00
533.50 567.00
533.50 566.00
533.50 565.00
533.50 564.00
533.50 563.00
533.50 562.00
533.50 561.00
533.50 560.00
533.50 559.00
533.50 558.00
533.50 557.00
533.50 556.00
533.50 555.00
533.50 554.00
533.50 553.00
533.50 552.00
533.50 551.00
533.50 550.00
533.50 549.00
533.50 548.00
533.50 547.00
533.50 546.00
533.50 545.00
533.50 544.00
533.50 543.00
533.50 542.00
533.50 541.00
533.50 540.00
533.50 539.00
533.50 538.00
533.50 537.00
533.50 536.00
533.50 535.00
533.00 534.50
532.50 534.00
532.50 533.00
532.50 532.00
532.50 531.00
532.50 530.00
532.50 529.00
532.50 528.00
532.50 527.00
532.50 526.00
532.50 525.00
532.50 524.00
532.50 523.00
532.50 522.00
532.50 521.00
532.50 520.00
532.50 519.00
532.50 518.00
532.50 517.00
532.50 516.00
532.50 515.00
532.50 514.00
532.50 513.00
532.50 512.00
532.50 511.00
532.50 510.00
532.50 509.00
532.50 508.00
532.50 507.00
532.50 506.00
532.50 505.00
532.50 504.00
532.50 503.00
532.50 502.00
532.50 501.00
532.50 500.00
532.50 499.00
532.50 498.00
532.50 497.00
532.50 496.00
532.50 495.00
532.50 494.00
532.50 493.00
532.50 492.00
532.50 491.00
532.50 490.00
533.00 489.50
533.50 489.00
533.50 488.00
533.50 487.00
534.00 486.50
534.50 486.00
534.50 485.00
534.50 484.00
535.00 483.50
535.50 483.00
535.50 482.00
535.50 481.00
536.00 480.50
536.50 480.00
536.50 479.00
537.00 478.50
537.50 478.00
537.50 477.00
537.50 476.00
538.00 475.50
538.50 475.00
538.50 474.00
539.00 473.50
539.50 473.00
539.50 472.00
540.00 471.50
540.50 471.00
540.50 470.00
540.50 469.00
541.00 468.50
541.50 468.00
541.50 467.00
542.00 466.50
542.50 466.00
542.50 465.00
543.00 464.50
543.50 464.00
544.00 463.50
544.50 463.00
544.50 462.00
545.00 461.50
545.50 461.00
545.50 460.00
546.00 459.50
546.50 459.00
546.50 458.00
547.00 457.50
547.50 457.00
548.00 456.50
548.50 456.00
548.50 455.00
549.00 454.50
549.50 454.00
550.00 453.50
550.50 453.00
550.50 452.00
551.00 451.50
551.50 451.00
552.00 450.50
552.50 450.00
553.00 449.50
553.50 449.00
554.00 448.50
554.50 448.00
554.50 447.00
555.00 446.50
555.50 446.00
556.00 445.50
556.50 445.00
557.00 444.50
557.50 444.00
558.00 443.50
559.00 443.50
559.50 444.00
560.00 444.50
561.00 444.50
562.00 444.50
563.00 444.50
563.50 445.00
564.00 445.50
565.00 445.50
566.00 445.50
566.50 446.00
567.00 446.50
568.00 446.50
568.50 447.00
569.00 447.50
569.50 448.00
570.00 448.50
571.00 448.50
571.50 449.00
572.00 449.50
572.50 450.00
573.00 450.50
573.50 451.00
574.00 451.50
574.50 452.00
575.00 452.50
575.50 453.00
576.00 453.50
576.50 454.00
576.50 455.00
577.00 455.50
577.50 456.00
577.50 457.00
578.00 457.50
578.50 458.00
578.50 459.00
579.00 459.50
579.50 460.00
579.50 461.00
579.50 462.00
579.50 463.00
580.00 463.50
580.50 464.00
580.50 465.00
580.50 466.00
580.50 467.00
581.00 467.50
581.50 468.00
581.50 469.00
581.50 470.00
581.50 471.00
581.50 472.00
581.50 473.00
582.00 473.50
582.50 474.00
582.50 475.00
582.50 476.00
582.50 477.00
582.50 478.00
582.50 479.00
582.50 480.00
582.50 481.00
583.00 481.50
583.50 482.00
583.50 483.00
583.50 484.00
583.50 485.00
583.50 486.00
583.50 487.00
583.50 488.00
583.50 489.00
583.50 490.00
583.50 491.00
583.50 492.00
583.50 493.00
584.00 493.50
584.50 494.00
584.50 495.00
584.50 496.00
584.50 497.00
585.00 497.50
585.50 498.00
585.50 499.00
585.50 500.00
585.50 501.00
586.00 501.50
586.50 502.00
586.50 503.00
586.50 504.00
586.50 505.00
587.00 505.50
587.50 506.00
587.50 507.00
587.50 508.00
588.00 508.50
588.50 509.00
588.50 510.00
588.50 511.00
588.50 512.00
589.00 512.50
589.50 513.00
589.50 514.00
589.50 515.00
590.00 515.50
590.50 516.00
590.50 517.00
591.00 517.50
591.50 518.00
591.50 519.00
591.50 520.00
592.00 520.50
592.50 521.00
592.50 522.00
593.00 522.50
593.50 523.00
593.50 524.00
594.00 524.50
594.50 525.00
594.50 526.00
594.50 527.00
595.00 527.50
595.50 528.00
595.50 529.00
596.00 529.50
596.50 530.00
597.00 530.50
597.50 531.00
597.50 532.00
598.00 532.50
598.50 533.00
598.50 534.00
599.00 534.50
599.50 535.00
600.00 535.50
600.50 536.00
600.50 537.00
601.00 537.50
601.50 538.00
602.00 538.50
602.50 539.00
602.50 540.00
603.00 540.50
603.50 541.00
604.00 541.50
604.50 542.00
605.00 542.50
605.50 543.00
606.00 543.50
606.50 544.00
606.50 545.00
607.00 545.50
607.50 546.00
608.00 546.50
608.50 547.00
609.00 547.50
609.50 548.00
610.00 548.50
610.50 549.00
611.00 549.50
611.50 550.00
612.00 550.50
613.00 550.50
613.50 551.00
614.00 551.50
614.50 552.00
615.00 552.50
615.50 553.00
616.00 553.50
617.00 553.50
617.50 553.00
618.00 552.50
619.00 552.50
619.50 552.00
620.00 551.50
620.50 551.00
621.00 550.50
621.50 550.00
622.00 549.50
622.50 549.00
623.00 548.50
623.50 548.00
624.00 547.50
624.50 547.00
625.00 546.50
625.50 546.00
625.50 545.00
626.00 544.50
626.50 544.00
627.00 543.50
627.50 543.00
628.00 542.50
628.50 542.00
629.00 541.50
629.50 541.00
629.50 540.00
630.00 539.50
630.50 539.00
631.00 538.50
631.50 538.00
632.00 537.50
632.50 537.00
632.50 536.00
633.00 535.50
633.50 535.00
633.50 534.00
634.00 533.50
634.50 533.00
635.00 532.50
635.50 532.00
635.50 531.00
636.00 530.50
636.50 530.00
636.50 529.00
637.00 528.50
637.50 528.00
637.50 527.00
638.00 526.50
638.50 526.00
638.50 525.00
639.00 524.50
639.50 524.00
639.50 523.00
640.00 522.50
640.50 522.00
640.50 521.00
641.00 520.50
641.50 520.00
641.50 519.00
641.50 518.00
642.00 517.50
642.50 517.00
642.50 516.00
643.00 515.50
643.50 515.00
643.50 514.00
643.50 513.00
644.00 512.50
644.50 512.00
644.50 511.00
644.50 510.00
645.00 509.50
645.50 509.00
645.50 508.00
645.50 507.00
646.00 506.50
646.50 506.00
646.50 505.00
646.50 504.00
646.50 503.00
647.00 502.50
647.50 502.00
647.50 501.00
647.50 500.00
648.00 499.50
648.50 499.00
648.50 498.00
648.50 497.00
648.50 496.00
649.00 495.50
649.50 495.00
649.50 494.00
649.50 493.00
649.50 492.00
649.50 491.00
649.50 490.00
649.00 489.50
648.50 489.00
648.50 488.00
648.50 487.00
648.50 486.00
648.00 485.50
647.50 485.00
647.50 484.00
647.50 483.00
647.00 482.50
646.50 482.00
646.50 481.00
646.50 480.00
646.50 479.00
646.00 478.50
645.50 478.00
645.50 477.00
645.50 476.00
645.00 475.50
644.50 475.00
644.50 474.00
644.50 473.00
644.00 472.50
643.50 472.00
643.50 471.00
643.00 470.50
642.50 470.00
642.50 469.00
642.50 468.00
642.00 467.50
641.50 467.00
641.50 466.00
641.50 465.00
641.00 464.50
640.50 464.00
640.50 463.00
640.00 462.50
639.50 462.00
639.50 461.00
639.00 460.50
638.50 460.00
638.50 459.00
638.00 458.50
637.50 458.00
637.50 457.00
637.00 456.50
636.50 456.00
636.50 455.00
636.00 454.50
635.50 454.00
635.50 453.00
635.00 452.50
634.50 452.00
634.00 451.50
633.50 451.00
633.50 450.00
633.00 449.50
632.50 449.00
632.00 448.50
631.50 448.00
631.50 447.00
631.00 446.50
630.50 446.00
630.00 445.50
629.50 445.00
629.50 444.00
629.00 443.50
628.50 443.00
628.00 442.50
627.50 442.00
627.00 441.50
626.50 441.00
626.00 440.50
625.50 440.00
625.00 439.50
624.50 439.00
624.50 438.00
624.00 437.50
623.50 437.00
623.00 436.50
622.50 436.00
622.00 435.50
621.50 435.00
621.00 434.50
620.50 434.00
620.00 433.50
619.00 433.50
618.50 433.00
618.00 432.50
617.50 432.00
617.00 431.50
616.00 431.50
615.50 431.00
615.00 430.50
614.00 430.50
613.00 430.50
612.50 430.00
612.00 429.50
611.00 429.50
610.00 429.50
609.50 429.00
609.00 428.50
608.00 428.50
607.00 428.50
606.50 428.00
606.00 427.50
605.00 427.50
604.50 427.00
604.00 426.50
603.50 426.00
603.00 425.50
602.00 425.50
601.50 425.00
601.00 424.50
600.50 424.00
600.00 423.50
599.50 423.00
599.50 422.00
599.00 421.50
598.50 421.00
598.00 420.50
597.50 420.00
597.50 419.00
597.00 418.50
596.50 418.00
596.50 417.00
596.00 416.50
595.50 416.00
595.50 415.00
595.00 414.50
594.50 414.00
594.50 413.00
594.50 412.00
594.50 411.00
594.00 410.50
593.50 410.00
593.50 409.00
593.50 408.00
593.50 407.00
593.00 406.50
592.50 406.00
592.50 405.00
592.50 404.00
592.50 403.00
592.50 402.00
592.50 401.00
592.50 400.00
592.00 399.50
591.50 399.00
591.50 398.00
591.50 397.00
591.50 396.00
591.50 395.00
591.50 394.00
591.50 393.00
591.50 392.00
591.50 391.00
591.00 390.50
590.50 390.00
590.50 389.00
590.50 388.00
590.50 387.00
590.50 386.00
590.50 385.00
590.50 384.00
590.50 383.00
590.50 382.00
590.50 381.00
590.50 380.00
590.50 379.00
590.50 378.00
590.50 377.00
590.50 376.00
590.50 375.00
590.50 374.00
590.50 373.00
590.50 372.00
590.50 371.00
590.50 370.00
590.50 369.00
590.50 368.00
590.50 367.00
590.50 366.00
590.50 365.00
590.50 364.00
590.50 363.00
590.50 362.00
590.50 361.00
590.50 360.00
590.50 359.00
590.50 358.00
590.50 357.00
590.50 356.00
590.50 355.00
590.50 354.00
590.50 353.00
590.50 352.00
590.50 351.00
590.50 350.00
590.50 349.00
590.50 348.00
590.50 347.00
590.50 346.00
590.50 345.00
590.50 344.00
590.50 343.00
590.50 342.00
590.50 341.00
590.50 340.00
590.50 339.00
590.50 338.00
590.50 337.00
590.50 336.00
590.50 335.00
590.50 334.00
590.50 333.00
590.50 332.00
590.50 331.00
590.50 330.00
590.50 329.00
590.50 328.00
590.50 327.00
590.50 326.00
590.50 325.00
590.50 324.00
590.50 323.00
590.50 322.00
590.50 321.00
590.50 320.00
590.50 319.00
590.50 318.00
590.50 317.00
590.50 316.00
590.50 315.00
590.50 314.00
590.50 313.00
590.50 312.00
590.50 311.00
590.50 310.00
590.50 309.00
590.50 308.00
590.50 307.00
590.50 306.00
590.50 305.00
590.50 304.00
590.50 303.00
590.50 302.00
590.50 301.00
590.50 300.00
590.50 299.00
590.50 298.00
590.50 297.00
590.50 296.00
590.50 295.00
590.50 294.00
590.50 293.00
590.50 292.00
590.50 291.00
590.50 290.00
590.50 289.00
590.50 288.00
590.50 287.00
590.50 286.00
590.50 285.00
590.50 284.00
590.50 283.00
590.50 282.00
590.50 281.00
590.50 280.00
590.50 279.00
590.50 278.00
590.50 277.00
590.50 276.00
590.50 275.00
590.50 274.00
590.50 273.00
590.50 272.00
590.50 271.00
590.50 270.00
590.00 269.50
589.50 269.00
589.50 268.00
589.50 267.00
589.50 266.00
589.00 265.50
588.50 265.00
588.50 264.00
588.50 263.00
588.00 262.50
587.50 262.00
587.50 261.00
587.50 260.00
587.00 259.50
586.50 259.00
586.50 258.00
586.50 257.00
586.50 256.00
586.00 255.50
585.50 255.00
585.50 254.00
585.00 253.50
584.50 253.00
584.50 252.00
584.50 251.00
584.00 250.50
583.50 250.00
583.50 249.00
583.50 248.00
583.00 247.50
582.50 247.00
582.50 246.00
582.00 245.50
581.50 245.00
581.50 244.00
581.00 243.50
580.50 243.00
580.50 242.00
580.50 241.00
580.00 240.50
579.50 240.00
579.50 239.00
579.00 238.50
578.50 238.00
578.50 237.00
578.00 236.50
577.50 236.00
577.00 235.50
576.50 235.00
576.50 234.00
576.00 233.50
575.50 233.00
575.50 232.00
575.00 231.50
574.50 231.00
574.00 230.50
573.50 230.00
573.50 229.00
573.00 228.50
572.50 228.00
572.00 227.50
571.50 227.00
571.50 226.00
571.00 225.50
570.50 225.00
570.00 224.50
569.50 224.00
569.00 223.50
568.50 223.00
568.50 222.00
568.00 221.50
567.50 221.00
567.00 220.50
566.50 220.00
566.00 219.50
565.50 219.00
565.00 218.50
564.50 218.00
564.00 217.50
563.50 217.00
563.00 216.50
562.50 216.00
562.00 215.50
561.50 215.00
561.00 214.50
560.50 214.00
560.00 213.50
559.50 213.00
559.00 212.50
558.50 212.00
558.00 211.50
557.50 211.00
557.00 210.50
556.50 210.00
556.00 209.50
555.50 209.00
555.00 208.50
554.50 208.00
554.00 207.50
553.50 207.00
553.00 206.50
552.50 206.00
552.00 205.50
551.50 205.00
551.50 204.00
551.00 203.50
550.50 203.00
550.00 202.50
549.50 202.00
549.50 201.00
549.00 200.50
548.50 200.00
548.00 199.50
547.50 199.00
547.50 198.00
547.00 197.50
546.50 197.00
546.00 196.50
545.50 196.00
545.50 195.00
545.00 194.50
544.50 194.00
544.50 193.00
544.00 192.50
543.50 192.00
543.00 191.50
542.50 191.00
542.50 190.00
542.00 189.50
541.50 189.00
541.50 188.00
541.00 187.50
540.50 187.00
540.50 186.00
540.50 185.00
540.00 184.50
539.50 184.00
539.50 183.00
539.00 182.50
538.50 182.00
538.50 181.00
538.00 180.50
537.50 180.00
537.50 179.00
537.50 178.00
537.00 177.50
536.50 177.00
536.50 176.00
536.00 175.50
535.50 175.00
535.50 174.00
535.50 173.00
535.00 172.50
534.50 172.00
534.50 171.00
534.50 170.00
534.00 169.50
533.50 169.00
533.50 168.00
533.50 167.00
533.00 166.50
532.50 166.00
532.50 165.00
532.50 164.00
532.50 163.00
532.50 162.00
533.00 161.50
533.50 161.00
533.50 160.00
533.50 159.00
533.50 158.00
534.00 157.50
534.50 157.00
534.50 156.00
535.00 155.50
535.50 155.00
535.50 154.00
535.50 153.00
536.00 152.50
536.50 152.00
536.50 151.00
536.50 150.00
537.00 149.50
537.50 149.00
537.50 148.00
538.00 147.50
538.50 147.00
538.50 146.00
538.50 145.00
539.00 144.50
539.50 144.00
539.50 143.00
540.00 142.50
540.50 142.00
540.50 141.00
541.00 140.50
541.50 140.00
541.50 139.00
542.00 138.50
542.50 138.00
542.50 137.00
543.00 136.50
543.50 136.00
543.50 135.00
544.00 134.50
544.50 134.00
545.00 133.50
545.50 133.00
545.50 132.00
546.00 131.50
546.50 131.00
546.50 130.00
547.00 129.50
547.50 129.00
548.00 128.50
548.50 128.00
548.50 127.00
549.00 126.50
549.50 126.00
550.00 125.50
550.50 125.00
550.50 124.00
551.00 123.50
551.50 123.00
552.00 122.50
552.50 122.00
553.00 121.50
553.50 121.00
554.00 120.50
554.50 120.00
554.50 119.00
555.00 118.50
555.50 118.00
556.00 117.50
556.50 117.00
557.00 116.50
557.50 116.00
558.00 115.50
558.50 115.00
559.00 114.50
559.50 114.00
560.00 113.50
561.00 113.50
561.50 113.00
562.00 112.50
562.50 112.00
563.00 111.50
563.50 111.00
564.00 110.50
564.50 110.00
565.00 109.50
565.50 109.00
566.00 108.50
566.50 108.00
566.50 107.00
567.00 106.50
567.50 106.00
568.00 105.50
568.50 105.00
569.00 104.50
569.50 104.00
570.00 103.50
570.50 103.00
570.50 102.00
571.00 101.50
571.50 101.00
572.00 100.50
572.50 100.00
573.00 99.50
573.50 99.00
573.50 98.00
574.00 97.50
574.50 97.00
575.00 96.50
575.50 96.00
575.50 95.00
576.00 94.50
576.50 94.00
576.50 93.00
577.00 92.50
577.50 92.00
577.50 91.00
578.00 90.50
578.50 90.00
578.50 89.00
579.00 88.50
579.50 88.00
579.50 87.00
580.00 86.50
580.50 86.00
580.50 85.00
581.00 84.50
581.50 84.00
581.50 83.00
582.00 82.50
582.50 82.00
582.50 81.00
582.50 80.00
583.00 79.50
583.50 79.00
583.50 78.00
584.00 77.50
584.50 77.00
584.50 76.00
584.50 75.00
585.00 74.50
585.50 74.00
585.50 73.00
585.50 72.00
586.00 71.50
586.50 71.00
586.50 70.00
586.50 69.00
587.00 68.50
587.50 68.00
587.50 67.00
587.50 66.00
588.00 65.50
588.50 65.00
588.50 64.00
588.50 63.00
588.50 62.00
589.00 61.50
589.50 61.00
589.50 60.00
589.50 59.00
590.00 58.50
590.50 58.00
590.50 57.00
590.50 56.00
590.50 55.00
590.50 54.00
590.50 53.00
590.50 52.00
590.50 51.00
590.50 50.00
590.50 49.00
590.50 48.00
590.50 47.00
590.50 46.00
590.50 45.00
590.50 44.00
590.50 43.00
590.50 42.00
590.50 41.00
590.50 40.00
590.50 39.00
590.50 38.00
590.50 37.00
590.50 36.00
590.50 35.00
590.50 34.00
590.50 33.00
590.50 32.00
590.50 31.00
590.50 30.00
590.50 29.00
590.50 28.00
590.50 27.00
590.50 26.00
590.50 25.00
590.50 24.00
590.50 23.00
590.50 22.00
590.50 21.00
590.50 20.00
590.50 19.00
590.50 18.00
590.50 17.00
590.50 16.00
590.50 15.00
590.50 14.00
590.50 13.00
590.50 12.00
590.50 11.00
590.50 10.00
590.50 9.00
590.50 8.00
590.50 7.00
590.50 6.00
590.50 5.00
590.50 4.00
590.50 3.00
590.50 2.00
590.50 1.00
590.50 0.00
